0.23926, 0.67710, 3.90767
0.25293, 0.48976, 3.87656
0.35665, 0.37950, 3.80637
0.10034, 0.39397, 3.86605
0.04121, 0.09755, 3.82668
-0.01061, -0.12939, 3.69360
-0.00946, -0.22296, 3.65992
0.47896, 0.09395, 3.82232
0.47185, -0.17563, 3.66145
0.45756, -0.24585, 3.64506
0.25871, 0.12975, 3.84080
0.24771, 0.07244, 3.78110
0.30465, 0.01104, 3.74939
0.18931, 0.01755, 3.78252
0.27543, -0.61090, 3.79726
0.14472, -0.84974, 3.46374
0.12192, -0.89126, 3.34794
0.31192, -0.55131, 3.80052
0.13435, -0.86000, 3.45120
0.11155, -0.90153, 3.33539
0.24083, 0.68377, 3.88639
0.25115, 0.49157, 3.87343
0.38554, 0.38281, 3.80592
0.09959, 0.39532, 3.86389
0.03947, 0.09480, 3.81616
0.02181, -0.16246, 3.67765
0.00734, -0.24244, 3.66263
0.47697, 0.11146, 3.79513
0.47752, -0.13652, 3.66244
0.46263, -0.22036, 3.62969
0.25927, 0.11854, 3.82917
0.25080, 0.05727, 3.76618
0.31657, -0.01296, 3.73111
0.18687, -0.00636, 3.76133
0.16261, -0.55919, 3.58372
0.14242, -0.86971, 3.40475
0.12838, -0.89475, 3.29137
0.30985, -0.55861, 3.78482
0.14444, -0.85385, 3.40671
0.12366, -0.89673, 3.28554
0.23891, 0.69072, 3.86468
0.24694, 0.48735, 3.85394
0.39991, 0.38099, 3.80152
0.09015, 0.39276, 3.83202
0.04385, 0.08676, 3.77369
0.03575, -0.17069, 3.66960
0.03496, -0.23861, 3.62472
0.47524, 0.10392, 3.74990
0.47483, -0.14905, 3.62558
0.45895, -0.22420, 3.58895
0.25597, 0.11073, 3.81284
0.25152, 0.04880, 3.75074
0.32284, -0.02672, 3.71522
0.18325, -0.01996, 3.74152
0.15081, -0.53064, 3.53295
0.15038, -0.85036, 3.32701
0.12886, -0.88414, 3.20027
0.30738, -0.56566, 3.75986
0.15300, -0.83562, 3.34087
0.14277, -0.88098, 3.21101
0.23228, 0.69426, 3.80736
0.23727, 0.47816, 3.80608
0.40388, 0.38176, 3.76636
0.08268, 0.38579, 3.78495
0.03486, 0.09116, 3.72856
0.04726, -0.18492, 3.62788
0.04020, -0.25077, 3.56771
0.47525, 0.10061, 3.72670
0.46817, -0.16694, 3.59272
0.45570, -0.23387, 3.56570
0.24948, 0.09593, 3.76641
0.24818, 0.03355, 3.70410
0.32311, -0.03954, 3.67893
0.17797, -0.03747, 3.69100
0.13738, -0.51929, 3.45536
0.16618, -0.84054, 3.24224
0.12941, -0.87107, 3.12874
0.30598, -0.56670, 3.72311
0.16167, -0.81065, 3.27259
0.15607, -0.85609, 3.14183
0.22450, 0.69962, 3.76087
0.23145, 0.47339, 3.76348
0.39639, 0.37093, 3.72223
0.07504, 0.38348, 3.75249
0.02649, 0.07984, 3.68407
0.05055, -0.18924, 3.61576
0.04247, -0.25589, 3.54653
0.47349, 0.07953, 3.67746
0.46302, -0.17666, 3.57313
0.45037, -0.24480, 3.53602
0.24546, 0.08709, 3.72096
0.24384, 0.02491, 3.65788
0.31870, -0.05020, 3.62750
0.17302, -0.04421, 3.64668
0.14852, -0.52371, 3.41327
0.18093, -0.84147, 3.18124
0.13551, -0.86241, 3.07808
0.30324, -0.58104, 3.70328
0.16716, -0.80104, 3.22456
0.16010, -0.84612, 3.10006
0.22212, 0.70375, 3.74369
0.22804, 0.47354, 3.72418
0.39222, 0.36591, 3.69360
0.07281, 0.38968, 3.70699
0.02048, 0.08252, 3.66341
0.03255, -0.16411, 3.56901
0.03960, -0.25347, 3.52543
0.47042, 0.07388, 3.65326
0.46203, -0.18275, 3.55017
0.44929, -0.25092, 3.51687
0.24016, 0.08779, 3.68921
0.24050, 0.02567, 3.62665
0.31513, -0.05140, 3.59805
0.16985, -0.04136, 3.61782
0.15216, -0.51789, 3.38484
0.18734, -0.84119, 3.15594
0.13811, -0.86070, 3.05934
0.29910, -0.60075, 3.67493
0.17323, -0.79984, 3.18405
0.17057, -0.84369, 3.06197
0.21197, 0.70155, 3.68919
0.21169, 0.46896, 3.67992
0.38533, 0.36373, 3.64974
0.06389, 0.38085, 3.66105
0.01101, 0.09517, 3.61858
0.02397, -0.14868, 3.53674
0.03501, -0.24944, 3.50273
0.46566, 0.07051, 3.61588
0.45443, -0.18175, 3.52805
0.44508, -0.24843, 3.47095
0.22903, 0.09539, 3.64804
0.23061, 0.03579, 3.58554
0.30707, -0.04056, 3.56369
0.16008, -0.03116, 3.57185
0.16819, -0.51198, 3.38105
0.19055, -0.84523, 3.13056
0.14020, -0.86343, 3.03674
0.29906, -0.60492, 3.66418
0.17958, -0.80498, 3.17262
0.17728, -0.84788, 3.05438
0.20344, 0.70409, 3.62896
0.20654, 0.47320, 3.63765
0.37982, 0.36559, 3.61442
0.04959, 0.37992, 3.60909
0.00367, 0.10445, 3.57573
0.01448, -0.13876, 3.50466
0.03011, -0.24718, 3.48492
0.45797, 0.07252, 3.57389
0.44693, -0.18241, 3.48262
0.44493, -0.25135, 3.44451
0.22111, 0.11557, 3.60609
0.22467, 0.05963, 3.54400
0.30214, -0.01584, 3.52423
0.15309, -0.00962, 3.52924
0.16162, -0.50672, 3.34574
0.18201, -0.85327, 3.10531
0.13710, -0.87250, 3.01421
0.32230, -0.55105, 3.62401
0.15328, -0.73129, 3.14763
0.14134, -0.72092, 3.03267
0.19992, 0.71088, 3.60690
0.20014, 0.48091, 3.60500
0.36790, 0.38089, 3.57559
0.04223, 0.38100, 3.58168
-0.00780, 0.12118, 3.53579
0.00570, -0.15214, 3.44651
0.00833, -0.24361, 3.42682
0.45360, 0.08389, 3.54588
0.44285, -0.15527, 3.44572
0.44485, -0.24916, 3.42538
0.21696, 0.11508, 3.55635
0.22050, 0.05808, 3.49297
0.29799, -0.01325, 3.47131
0.15017, -0.01289, 3.47795
0.16654, -0.52531, 3.30772
0.18810, -0.87631, 3.10557
0.13953, -0.88880, 3.00783
0.31411, -0.60612, 3.64401
0.17585, -0.73796, 3.13908
0.14947, -0.82984, 3.05515
0.19329, 0.72680, 3.58185
0.19499, 0.49691, 3.56291
0.36367, 0.38792, 3.55182
0.03524, 0.38526, 3.56168
-0.01335, 0.12878, 3.51512
-0.00709, -0.12025, 3.40114
-0.00666, -0.21956, 3.39012
0.44852, 0.09944, 3.52265
0.44211, -0.12758, 3.40206
0.44412, -0.23503, 3.38671
0.21209, 0.12463, 3.52305
0.21450, 0.06752, 3.45848
0.29128, -0.00358, 3.43343
0.14476, -0.00624, 3.44607
0.16856, -0.53047, 3.29493
0.18942, -0.88138, 3.10082
0.14161, -0.90010, 3.00915
0.25000, -0.53742, 3.45234
0.18073, -0.83356, 3.12248
0.13335, -0.87298, 3.02562
0.18837, 0.73740, 3.56980
0.19212, 0.50474, 3.54341
0.35383, 0.39783, 3.50927
0.03157, 0.39754, 3.51630
-0.02451, 0.14521, 3.47623
-0.01861, -0.09247, 3.36471
-0.01809, -0.19309, 3.34082
0.44214, 0.12139, 3.48648
0.44121, -0.11725, 3.38472
0.44431, -0.22786, 3.36719
0.20434, 0.13109, 3.49293
0.20553, 0.07416, 3.42572
0.28019, 0.00398, 3.39951
0.13317, 0.00475, 3.40430
0.16081, -0.53742, 3.25295
0.18403, -0.88195, 3.08161
0.12874, -0.93490, 3.00615
0.28618, -0.53736, 3.45945
0.18443, -0.86076, 3.11037
0.15815, -0.90916, 3.00953
0.17051, 0.75692, 3.53056
0.18177, 0.52172, 3.50644
0.34175, 0.40666, 3.46488
0.01745, 0.40719, 3.47190
-0.03252, 0.14610, 3.42737
-0.02874, -0.08622, 3.32854
-0.02788, -0.18521, 3.28658
0.43264, 0.12764, 3.43842
0.43866, -0.11085, 3.35389
0.44442, -0.21775, 3.31687
0.19070, 0.14146, 3.44745
0.19122, 0.08402, 3.37944
0.26437, 0.01322, 3.35235
0.11974, 0.01556, 3.35801
0.16682, -0.51649, 3.24985
0.18513, -0.86308, 3.07709
0.13263, -0.93657, 3.01876
0.25755, -0.52890, 3.36640
0.18551, -0.88287, 3.10809
0.14896, -0.93079, 3.01104
0.15406, 0.77200, 3.48656
0.17532, 0.53464, 3.47282
0.33042, 0.41670, 3.41458
0.01033, 0.41302, 3.44903
-0.03857, 0.15157, 3.39001
-0.03630, -0.07665, 3.28388
-0.03223, -0.18004, 3.25889
0.42705, 0.13117, 3.40450
0.43443, -0.11654, 3.30307
0.44376, -0.20897, 3.28290
0.18671, 0.14863, 3.42231
0.18531, 0.08980, 3.35565
0.25748, 0.02086, 3.32350
0.11499, 0.01975, 3.33921
0.16949, -0.51144, 3.24383
0.18626, -0.85320, 3.07230
0.13606, -0.93434, 3.02890
0.26291, -0.51971, 3.34018
0.18578, -0.89371, 3.10498
0.14383, -0.93880, 3.01392
0.14765, 0.78044, 3.47092
0.17175, 0.54442, 3.44911
0.32478, 0.42171, 3.39184
0.00218, 0.42152, 3.41842
-0.04492, 0.15423, 3.35982
-0.03960, -0.07348, 3.26665
-0.03536, -0.17894, 3.24025
0.42442, 0.13468, 3.38743
0.43263, -0.11038, 3.27678
0.44476, -0.20459, 3.25501
0.18145, 0.15663, 3.39632
0.17970, 0.09714, 3.32993
0.25150, 0.02958, 3.29730
0.11012, 0.02484, 3.31822
0.17147, -0.50821, 3.24062
0.18713, -0.84596, 3.06888
0.13851, -0.93153, 3.03535
0.27075, -0.50526, 3.29368
0.18327, -0.89757, 3.10304
0.13808, -0.94251, 3.01899
0.14610, 0.78582, 3.45241
0.15807, 0.54898, 3.40876
0.32058, 0.42689, 3.37306
0.00293, 0.42630, 3.37811
-0.05332, 0.15242, 3.31341
-0.04086, -0.07809, 3.22627
-0.03721, -0.18502, 3.19223
0.41518, 0.14794, 3.35396
0.42612, -0.09879, 3.24937
0.42624, -0.18748, 3.20387
0.17601, 0.16280, 3.36634
0.17661, 0.10285, 3.30101
0.24878, 0.03629, 3.27612
0.10909, 0.03117, 3.28261
0.17140, -0.50587, 3.23486
0.18603, -0.83838, 3.06129
0.13977, -0.92976, 3.03751
0.27924, -0.48649, 3.23862
0.17909, -0.89434, 3.10290
0.13563, -0.94116, 3.02303
0.14445, 0.78841, 3.40897
0.15261, 0.55206, 3.38924
0.31611, 0.43178, 3.34453
-0.00235, 0.43135, 3.34434
-0.05692, 0.15363, 3.28833
-0.04196, -0.07854, 3.20824
-0.03937, -0.18703, 3.17223
0.40423, 0.15794, 3.31234
0.42073, -0.08983, 3.21516
0.41810, -0.18188, 3.15849
0.17187, 0.16828, 3.33774
0.17365, 0.10958, 3.27063
0.24673, 0.04628, 3.24490
0.10690, 0.03568, 3.25252
0.17125, -0.50437, 3.22883
0.18535, -0.83229, 3.05379
0.14096, -0.92678, 3.03886
0.28352, -0.48062, 3.20177
0.17515, -0.89136, 3.10190
0.13353, -0.94110, 3.02536
0.14346, 0.79367, 3.36442
0.14850, 0.55616, 3.34331
0.31467, 0.43624, 3.32352
-0.00684, 0.43485, 3.32415
-0.05921, 0.15622, 3.26388
-0.04402, -0.07442, 3.16720
-0.04142, -0.18502, 3.14978
0.40020, 0.16172, 3.29323
0.41719, -0.08423, 3.19230
0.41507, -0.17930, 3.14047
0.16845, 0.17781, 3.30705
0.17097, 0.11800, 3.24326
0.24567, 0.05425, 3.22179
0.10369, 0.04058, 3.22736
0.16876, -0.50477, 3.21842
0.21122, -0.85403, 3.15813
0.15701, -0.90733, 3.06620
0.28880, -0.46798, 3.14669
0.17204, -0.88804, 3.10077
0.13351, -0.94055, 3.02623
0.14314, 0.79665, 3.34765
0.14692, 0.55876, 3.32391
0.31428, 0.44045, 3.30367
-0.01087, 0.44064, 3.30417
-0.06335, 0.16437, 3.23855
-0.04457, -0.07269, 3.14209
-0.03948, -0.18004, 3.12251
0.39550, 0.16531, 3.26862
0.41098, -0.07876, 3.14995
0.40419, -0.18026, 3.09670
0.16556, 0.18319, 3.28596
0.16811, 0.12405, 3.22118
0.24345, 0.06093, 3.19904
0.09946, 0.04490, 3.20407
0.16473, -0.50626, 3.20579
0.23748, -0.86372, 3.26385
0.19618, -0.89020, 3.14596
0.28776, -0.46134, 3.09949
0.17079, -0.88474, 3.10100
0.13302, -0.93630, 3.02742
0.14382, 0.80004, 3.31861
0.14522, 0.56139, 3.30829
0.31338, 0.44373, 3.27227
-0.01400, 0.44754, 3.27743
-0.06603, 0.17172, 3.19531
-0.04481, -0.06826, 3.11330
-0.03830, -0.16934, 3.07020
0.39209, 0.16980, 3.25009
0.40707, -0.07651, 3.12444
0.40353, -0.17799, 3.07399
0.16352, 0.18597, 3.26107
0.16636, 0.12744, 3.19447
0.24250, 0.06474, 3.17488
0.09701, 0.04772, 3.17174
0.15948, -0.50740, 3.19427
0.19769, -0.85927, 3.17432
0.19102, -0.90181, 3.09256
0.27997, -0.45912, 3.04840
0.23802, -0.85984, 3.13538
0.21729, -0.91665, 3.06308
0.14769, 0.80573, 3.27564
0.14218, 0.56672, 3.26597
0.31201, 0.44787, 3.24342
-0.01529, 0.45310, 3.24681
-0.06823, 0.18231, 3.16826
-0.04398, -0.05866, 3.07133
-0.03904, -0.15976, 3.01894
0.38500, 0.17053, 3.20496
0.40179, -0.07404, 3.08071
0.40371, -0.17555, 3.05925
0.15958, 0.19094, 3.22068
0.16294, 0.13220, 3.15572
0.23845, 0.06995, 3.13318
0.09421, 0.05233, 3.13915
0.15384, -0.50853, 3.18297
0.19673, -0.86268, 3.15404
0.17972, -0.90791, 3.07704
0.27479, -0.46106, 2.99679
0.26808, -0.84593, 3.10589
0.26694, -0.90178, 3.02733
0.14753, 0.80874, 3.25334
0.14222, 0.56956, 3.24448
0.30927, 0.44989, 3.20870
-0.01700, 0.45590, 3.22237
-0.06957, 0.18655, 3.15024
-0.04338, -0.05364, 3.04463
-0.03741, -0.15471, 2.98718
0.38163, 0.17067, 3.17870
0.39705, -0.07697, 3.04933
0.40380, -0.17817, 3.03400
0.15926, 0.19220, 3.19822
0.16200, 0.13328, 3.13267
0.23731, 0.07115, 3.11089
0.09301, 0.05362, 3.11482
0.14790, -0.50856, 3.17242
0.19028, -0.86385, 3.13426
0.16524, -0.91429, 3.05514
0.27108, -0.46867, 2.94782
0.30474, -0.81914, 3.00968
0.29127, -0.88795, 2.94496
0.14733, 0.81033, 3.24088
0.14459, 0.57025, 3.20643
0.30773, 0.45087, 3.18088
-0.01808, 0.45687, 3.18625
-0.07056, 0.18830, 3.12958
-0.03896, -0.05333, 3.01814
-0.03653, -0.14961, 2.96194
0.37999, 0.16995, 3.15043
0.39516, -0.07696, 3.02701
0.40307, -0.17710, 2.98545
0.15782, 0.19224, 3.16579
0.16024, 0.13316, 3.10073
0.23640, 0.07084, 3.08073
0.08912, 0.05426, 3.08177
0.14249, -0.50910, 3.16220
0.18492, -0.86296, 3.11185
0.15803, -0.91710, 3.04450
0.26342, -0.48132, 2.89882
0.31016, -0.81242, 2.89056
0.29629, -0.88169, 2.82428
0.14906, 0.80629, 3.19631
0.14155, 0.56778, 3.17723
0.30685, 0.45344, 3.14866
-0.01858, 0.45271, 3.15580
-0.06903, 0.18629, 3.09219
-0.03919, -0.05189, 3.00067
-0.03589, -0.14777, 2.94267
0.37867, 0.17613, 3.12051
0.38756, -0.07712, 2.97956
0.39193, -0.18035, 2.93858
0.15358, 0.18820, 3.13329
0.15491, 0.12909, 3.06731
0.22953, 0.06576, 3.04581
0.08445, 0.05123, 3.04846
0.13540, -0.51011, 3.14457
0.18219, -0.86301, 3.10201
0.15323, -0.91763, 3.03721
0.25863, -0.48972, 2.86414
0.30090, -0.80277, 2.76550
0.30007, -0.85942, 2.66999
0.14561, 0.80056, 3.15209
0.14497, 0.56058, 3.12774
0.30908, 0.44489, 3.10270
-0.01811, 0.44995, 3.13195
-0.06829, 0.18562, 3.07154
-0.04093, -0.05388, 2.97431
-0.03543, -0.14669, 2.93165
0.37679, 0.16607, 3.07088
0.38192, -0.07799, 2.94390
0.38731, -0.18357, 2.91499
0.15284, 0.18525, 3.10011
0.15147, 0.12560, 3.03739
0.22459, 0.06107, 3.01696
0.08135, 0.04885, 3.02230
0.12936, -0.51069, 3.12741
0.18028, -0.86334, 3.09532
0.14947, -0.91798, 3.03145
0.24969, -0.48803, 2.82548
0.27162, -0.78373, 2.65277
0.27571, -0.82954, 2.53460
0.14600, 0.79698, 3.12235
0.14600, 0.55781, 3.10717
0.31113, 0.44050, 3.07823
-0.01829, 0.44548, 3.09300
-0.06831, 0.18527, 3.05062
-0.04336, -0.05786, 2.95421
-0.03054, -0.15794, 2.91209
0.37565, 0.16030, 3.03841
0.38019, -0.08033, 2.91850
0.38624, -0.18857, 2.86820
0.15150, 0.18167, 3.07526
0.15018, 0.12196, 3.01046
0.22324, 0.05523, 2.98517
0.07947, 0.04483, 2.99440
0.11712, -0.50726, 3.09217
0.17722, -0.86376, 3.08960
0.14419, -0.91888, 3.02290
0.24451, -0.48710, 2.80316
0.24014, -0.76816, 2.57268
0.25243, -0.79956, 2.44869
0.14742, 0.79561, 3.08607
0.14873, 0.55574, 3.07460
0.31163, 0.43178, 3.03385
-0.01807, 0.44454, 3.06997
-0.06676, 0.18494, 3.02535
-0.04684, -0.06147, 2.93611
-0.02903, -0.16215, 2.90154
0.37675, 0.15240, 2.99805
0.38025, -0.08116, 2.89515
0.38513, -0.19029, 2.84980
0.15080, 0.17507, 3.03335
0.14628, 0.11499, 2.96860
0.21790, 0.04597, 2.94227
0.07500, 0.04030, 2.95848
0.11151, -0.50744, 3.07181
0.17431, -0.86456, 3.08547
0.14128, -0.91955, 3.01782
0.23617, -0.48866, 2.76944
0.22098, -0.77401, 2.50845
0.24015, -0.79592, 2.38925
0.14857, 0.78953, 3.03885
0.14951, 0.55240, 3.04863
0.31365, 0.42874, 3.00636
-0.01391, 0.44096, 3.02298
-0.06460, 0.18151, 2.99284
-0.04929, -0.06813, 2.90130
-0.02688, -0.17402, 2.87430
0.37910, 0.14655, 2.96777
0.38090, -0.08090, 2.86953
0.38380, -0.19252, 2.82931
0.14912, 0.17073, 3.00698
0.14515, 0.11054, 2.94163
0.21636, 0.04067, 2.91570
0.07337, 0.03625, 2.92857
0.10716, -0.50848, 3.04696
0.17111, -0.86491, 3.08249
0.13853, -0.91998, 3.01432
0.22590, -0.48373, 2.72623
0.21731, -0.76283, 2.50490
0.23360, -0.79012, 2.38143
0.14993, 0.78856, 3.01541
0.15286, 0.54952, 2.99906
0.31834, 0.42967, 2.96182
-0.01182, 0.44039, 2.99768
-0.06182, 0.17459, 2.95310
-0.05089, -0.07085, 2.88197
-0.02755, -0.17891, 2.85850
0.38002, 0.14244, 2.93081
0.38459, -0.07945, 2.82586
0.38370, -0.19498, 2.81041
0.15151, 0.17041, 2.96381
0.14530, 0.10986, 2.90177
0.21638, 0.03944, 2.87799
0.07227, 0.03520, 2.89287
0.09992, -0.47876, 2.99225
0.16200, -0.86384, 3.07644
0.13517, -0.92200, 3.01041
0.22304, -0.45025, 2.68970
0.20470, -0.73893, 2.50662
0.22386, -0.77964, 2.38778
0.15521, 0.78822, 2.98385
0.15647, 0.54877, 2.97017
0.32156, 0.43017, 2.93487
-0.00431, 0.43836, 2.95595
-0.05730, 0.15903, 2.91242
-0.05376, -0.08014, 2.84331
-0.03154, -0.18026, 2.83249
0.38064, 0.14938, 2.88193
0.38523, -0.07712, 2.79498
0.38600, -0.19265, 2.77098
0.15185, 0.16958, 2.92944
0.14582, 0.10984, 2.86296
0.21548, 0.04059, 2.83369
0.07213, 0.03529, 2.85021
0.09388, -0.45783, 2.94189
0.15587, -0.86305, 3.07250
0.13271, -0.92362, 3.00770
0.21709, -0.46828, 2.63835
0.19401, -0.76734, 2.45989
0.21676, -0.79278, 2.33822
0.16671, 0.78909, 2.93576
0.16018, 0.54954, 2.92331
0.32454, 0.43109, 2.88460
-0.00121, 0.43946, 2.92028
-0.05511, 0.15614, 2.88172
-0.05608, -0.08077, 2.81677
-0.03697, -0.18396, 2.78447
0.38176, 0.15306, 2.85054
0.38380, -0.07728, 2.74444
0.38203, -0.19377, 2.72291
0.15584, 0.17225, 2.88658
0.14821, 0.11241, 2.82326
0.21773, 0.04340, 2.79933
0.07362, 0.03761, 2.80980
0.09013, -0.48525, 2.91621
0.15193, -0.86266, 3.06945
0.13040, -0.92467, 3.00472
0.21763, -0.46036, 2.61579
0.19189, -0.76571, 2.45621
0.21117, -0.80178, 2.33885
0.17051, 0.79290, 2.91216
0.16545, 0.55406, 2.88851
0.32860, 0.43512, 2.85893
0.00222, 0.44303, 2.87559
-0.05195, 0.15830, 2.84530
-0.05634, -0.08093, 2.77022
-0.04260, -0.18633, 2.75230
0.38569, 0.17101, 2.80416
0.38504, -0.07481, 2.71709
0.38211, -0.19203, 2.69636
0.15914, 0.17854, 2.84480
0.15365, 0.12055, 2.77806
0.22307, 0.05258, 2.75750
0.07895, 0.04373, 2.75935
0.08845, -0.49840, 2.88579
0.14474, -0.85882, 3.05590
0.12774, -0.92696, 2.99883
0.21835, -0.45768, 2.60004
0.19289, -0.76947, 2.45068
0.20743, -0.81898, 2.33672
0.17716, 0.79724, 2.85904
0.17192, 0.55862, 2.85906
0.33274, 0.44275, 2.81032
0.00351, 0.44704, 2.85329
-0.05051, 0.16511, 2.81605
-0.05654, -0.07865, 2.74165
-0.05258, -0.17863, 2.70954
0.38778, 0.17617, 2.76789
0.38419, -0.06199, 2.66799
0.38916, -0.18011, 2.65093
0.16405, 0.18430, 2.81230
0.15607, 0.12690, 2.74638
0.22499, 0.05874, 2.71070
0.08079, 0.04924, 2.73305
0.07961, -0.49795, 2.83487
0.13955, -0.85779, 3.02392
0.12582, -0.93538, 2.98746
0.22016, -0.44908, 2.56333
0.19809, -0.77850, 2.44266
0.20571, -0.82948, 2.33496
0.18004, 0.80794, 2.82867
0.18116, 0.57119, 2.81786
0.33781, 0.44909, 2.78004
0.00857, 0.45717, 2.80718
-0.04528, 0.18232, 2.77183
-0.05581, -0.06415, 2.69809
-0.05906, -0.16957, 2.67113
0.39278, 0.18630, 2.73932
0.38564, -0.05480, 2.63823
0.39120, -0.17012, 2.60849
0.16880, 0.19176, 2.76919
0.16186, 0.13408, 2.70160
0.22860, 0.06262, 2.68018
0.08579, 0.05864, 2.68653
0.07014, -0.49545, 2.77711
0.13103, -0.85264, 2.98472
0.12518, -0.94046, 2.97844
0.22078, -0.44678, 2.54444
0.20113, -0.78301, 2.43858
0.20436, -0.83873, 2.33651
0.18310, 0.81593, 2.81032
0.18573, 0.57964, 2.79192
0.34243, 0.45818, 2.74331
0.01240, 0.46560, 2.78189
-0.04292, 0.19143, 2.75110
-0.05833, -0.03989, 2.65858
-0.06488, -0.14799, 2.61707
0.39621, 0.19621, 2.69296
0.38987, -0.04727, 2.59236
0.39486, -0.16330, 2.58219
0.17271, 0.19948, 2.74036
0.16464, 0.14184, 2.67299
0.23215, 0.07346, 2.63907
0.08857, 0.06833, 2.65884
0.05866, -0.47338, 2.70677
0.11982, -0.83014, 2.93839
0.11304, -0.87915, 2.86829
0.22161, -0.44433, 2.53051
0.20332, -0.78681, 2.43554
0.20382, -0.84446, 2.33767
0.18616, 0.83055, 2.77587
0.19032, 0.59029, 2.76633
0.34606, 0.46654, 2.71318
0.01789, 0.47740, 2.75176
-0.04043, 0.20229, 2.71782
-0.05806, -0.03630, 2.61042
-0.06601, -0.13934, 2.57733
0.39922, 0.20145, 2.67132
0.39413, -0.04772, 2.56582
0.40164, -0.15253, 2.54239
0.17629, 0.20780, 2.71269
0.16770, 0.15012, 2.64489
0.23487, 0.07974, 2.61366
0.09169, 0.07880, 2.63180
0.04962, -0.44816, 2.63578
0.10108, -0.81026, 2.87428
0.09597, -0.85064, 2.78406
0.22209, -0.44304, 2.52106
0.20467, -0.78902, 2.43357
0.20377, -0.84877, 2.33948
0.18829, 0.84011, 2.75665
0.19456, 0.60081, 2.73677
0.34782, 0.47728, 2.68448
0.02122, 0.48647, 2.72832
-0.03858, 0.21024, 2.68887
-0.05716, -0.02418, 2.58213
-0.06211, -0.12220, 2.52604
0.40436, 0.21389, 2.63556
0.39922, -0.04453, 2.54386
0.40433, -0.14781, 2.52265
0.17925, 0.21778, 2.68146
0.16939, 0.16022, 2.61381
0.23707, 0.08889, 2.58171
0.09288, 0.09207, 2.59951
0.04325, -0.42186, 2.56689
0.08214, -0.79030, 2.80294
0.06291, -0.86299, 2.78026
0.22209, -0.44173, 2.51387
0.20559, -0.78951, 2.43273
0.20402, -0.85148, 2.34115
0.18978, 0.84562, 2.74053
0.19544, 0.60774, 2.70999
0.34862, 0.48648, 2.65543
0.02458, 0.49599, 2.69520
-0.03712, 0.21665, 2.66566
-0.05703, -0.01084, 2.55292
-0.06144, -0.11250, 2.49593
0.40738, 0.22032, 2.61025
0.40284, -0.04204, 2.51762
0.40394, -0.13716, 2.47393
0.17972, 0.22474, 2.65506
0.16964, 0.16734, 2.58737
0.23785, 0.09524, 2.55515
0.09302, 0.10009, 2.57588
0.03608, -0.39982, 2.50527
0.06158, -0.77525, 2.73180
0.03897, -0.85066, 2.70057
0.22203, -0.44077, 2.50815
0.20633, -0.78917, 2.43272
0.20444, -0.85313, 2.34265
0.19505, 0.85140, 2.69615
0.19332, 0.61645, 2.67470
0.34811, 0.49385, 2.62940
0.02606, 0.50274, 2.67160
-0.03442, 0.22531, 2.61808
-0.05450, -0.00118, 2.51741
-0.06026, -0.10287, 2.45369
0.41180, 0.22422, 2.58114
0.40337, -0.04026, 2.48075
0.40468, -0.13106, 2.44687
0.17968, 0.23294, 2.62229
0.16947, 0.17533, 2.55502
0.23798, 0.10237, 2.52413
0.09358, 0.10948, 2.54318
0.03626, -0.39159, 2.45011
0.04761, -0.77404, 2.64405
0.01346, -0.85076, 2.61086
0.22210, -0.44083, 2.50214
0.20685, -0.78806, 2.43340
0.20498, -0.85397, 2.34407
0.19564, 0.85489, 2.67379
0.19299, 0.62297, 2.64684
0.34939, 0.50061, 2.60657
0.02869, 0.50710, 2.63242
-0.03330, 0.22903, 2.59384
-0.05213, 0.00395, 2.47557
-0.05797, -0.09686, 2.41689
0.41185, 0.22651, 2.53738
0.40432, -0.02623, 2.45332
0.40630, -0.11939, 2.40245
0.17948, 0.23775, 2.59564
0.17038, 0.17963, 2.52816
0.23946, 0.10613, 2.49581
0.09452, 0.11398, 2.51877
0.04700, -0.39594, 2.40471
0.04503, -0.77861, 2.54443
-0.00198, -0.85130, 2.50912
0.22239, -0.44054, 2.49523
0.20724, -0.78678, 2.43418
0.20557, -0.85429, 2.34541
0.19302, 0.85830, 2.64838
0.19300, 0.62998, 2.61571
0.35163, 0.50713, 2.58087
0.02891, 0.51036, 2.61147
-0.03191, 0.23257, 2.56246
-0.04973, 0.00671, 2.44185
-0.05357, -0.07846, 2.38397
0.41314, 0.22805, 2.51606
0.40257, -0.03119, 2.41041
0.40661, -0.11650, 2.37829
0.18110, 0.24357, 2.56540
0.17220, 0.18494, 2.49815
0.24188, 0.11033, 2.46809
0.09624, 0.11877, 2.48576
0.06152, -0.39521, 2.35970
0.06158, -0.78062, 2.43517
-0.01044, -0.84541, 2.39301
0.22292, -0.44272, 2.48583
0.20587, -0.78516, 2.43571
0.20617, -0.85418, 2.34662
0.19041, 0.85847, 2.60287
0.19375, 0.63475, 2.58067
0.35465, 0.51050, 2.55059
0.02842, 0.51229, 2.57406
-0.03211, 0.23539, 2.53735
-0.04854, 0.01682, 2.40582
-0.04587, -0.05231, 2.35734
0.41313, 0.22679, 2.47344
0.40245, -0.01995, 2.38310
0.40316, -0.11201, 2.33861
0.18182, 0.24706, 2.53580
0.17391, 0.18764, 2.46901
0.24405, 0.11263, 2.43956
0.09768, 0.12036, 2.45781
0.07397, -0.39289, 2.32066
0.06773, -0.78754, 2.32862
0.00317, -0.84253, 2.26514
0.21803, -0.44890, 2.46589
0.19882, -0.78377, 2.43273
0.17641, -0.85261, 2.34398
0.18978, 0.85808, 2.58106
0.19424, 0.63705, 2.55511
0.35578, 0.51044, 2.52159
0.02680, 0.51274, 2.54795
-0.03249, 0.24007, 2.50814
-0.04800, 0.02053, 2.38831
-0.04152, -0.04026, 2.34192
0.41294, 0.22632, 2.45237
0.40292, -0.01267, 2.36361
0.40196, -0.11031, 2.31903
0.18331, 0.24759, 2.50698
0.17600, 0.18764, 2.43954
0.24724, 0.11264, 2.41319
0.09884, 0.11883, 2.42303
0.09144, -0.42307, 2.29040
0.06595, -0.78952, 2.21499
0.04172, -0.85171, 2.16004
0.21464, -0.45226, 2.44947
0.19718, -0.78318, 2.43181
0.15043, -0.83825, 2.33197
0.18693, 0.85441, 2.55240
0.19534, 0.63596, 2.51673
0.35355, 0.50851, 2.48506
0.02503, 0.51126, 2.51747
-0.03396, 0.24055, 2.47035
-0.04561, 0.02222, 2.35445
-0.03684, -0.04017, 2.31855
0.40987, 0.22264, 2.41724
0.40387, -0.00940, 2.33786
0.39912, -0.11283, 2.28964
0.18522, 0.24566, 2.47667
0.17789, 0.18482, 2.41030
0.24930, 0.11047, 2.38771
0.10065, 0.11617, 2.39473
0.10007, -0.41394, 2.25670
0.06679, -0.76741, 2.12673
0.04083, -0.81729, 2.05699
0.19688, -0.44763, 2.39802
0.19612, -0.78280, 2.43072
0.17776, -0.84036, 2.34100
0.18651, 0.84455, 2.51958
0.19298, 0.63099, 2.48991
0.35058, 0.50392, 2.45568
0.02324, 0.50712, 2.48559
-0.03518, 0.23908, 2.44508
-0.04442, 0.02065, 2.33425
-0.03483, -0.03501, 2.30059
0.40795, 0.22117, 2.39709
0.39844, -0.00607, 2.31079
0.39589, -0.11368, 2.26575
0.18448, 0.24023, 2.44856
0.17779, 0.17918, 2.38210
0.24911, 0.10373, 2.35634
0.10135, 0.11185, 2.36874
0.10404, -0.40360, 2.22278
0.07188, -0.74091, 2.04563
0.05467, -0.79143, 1.97498
0.20742, -0.44189, 2.38815
0.19580, -0.78291, 2.42864
0.19481, -0.84256, 2.34514
0.18394, 0.83750, 2.49587
0.18907, 0.62564, 2.46307
0.34554, 0.49947, 2.42710
0.01976, 0.50243, 2.45519
-0.03808, 0.23049, 2.40352
-0.04245, 0.00960, 2.30891
-0.03212, -0.03236, 2.28418
0.40576, 0.22087, 2.37692
0.39677, -0.00377, 2.28586
0.39160, -0.11159, 2.23433
0.18405, 0.23592, 2.42223
0.17813, 0.17488, 2.35592
0.24937, 0.10014, 2.32871
0.10304, 0.10762, 2.34444
0.10413, -0.39231, 2.18849
0.08432, -0.70820, 1.98575
0.07144, -0.75904, 1.91483
0.19464, -0.43342, 2.33185
0.19906, -0.78663, 2.42274
0.20512, -0.84502, 2.34515
0.18053, 0.82942, 2.46682
0.18287, 0.61941, 2.43216
0.34137, 0.49538, 2.40191
0.01527, 0.49516, 2.41205
-0.03937, 0.22605, 2.38085
-0.04211, 0.00275, 2.28058
-0.03579, -0.07081, 2.23456
0.40224, 0.21857, 2.34799
0.39242, -0.00501, 2.24868
0.38751, -0.11384, 2.20587
0.18044, 0.23031, 2.38975
0.17677, 0.16944, 2.32336
0.24843, 0.09601, 2.29823
0.10305, 0.10143, 2.30958
0.10550, -0.38779, 2.17360
0.09224, -0.67725, 1.92651
0.09167, -0.71435, 1.82682
0.19120, -0.43165, 2.30418
0.20204, -0.78876, 2.41839
0.21336, -0.84700, 2.34356
0.17541, 0.82096, 2.42590
0.17666, 0.61370, 2.39789
0.33618, 0.48964, 2.36563
0.01232, 0.49156, 2.38790
-0.04323, 0.21509, 2.33958
-0.04085, -0.01126, 2.23736
-0.03874, -0.10650, 2.19286
0.39814, 0.21598, 2.31930
0.39024, -0.00814, 2.22688
0.38492, -0.11701, 2.18473
0.17766, 0.22629, 2.35653
0.17394, 0.16563, 2.29022
0.24562, 0.09273, 2.26130
0.10124, 0.09726, 2.27947
0.10566, -0.35440, 2.13212
0.10084, -0.65888, 1.88929
0.09537, -0.70378, 1.81150
0.17662, -0.41600, 2.24200
0.20612, -0.78991, 2.41533
0.22006, -0.84915, 2.34134
0.16887, 0.81660, 2.39307
0.17080, 0.61118, 2.37179
0.33262, 0.48689, 2.34058
0.00576, 0.48847, 2.34912
-0.04528, 0.21227, 2.31431
-0.04219, -0.03033, 2.19155
-0.04270, -0.13348, 2.14546
0.39074, 0.21594, 2.28073
0.38737, -0.01119, 2.20028
0.38165, -0.12017, 2.16391
0.17258, 0.22473, 2.32390
0.17056, 0.16491, 2.25631
0.24340, 0.09217, 2.22855
0.09772, 0.09617, 2.24135
0.10391, -0.35950, 2.07690
0.10539, -0.64963, 1.85715
0.10802, -0.68564, 1.75674
0.16739, -0.40183, 2.19563
0.21099, -0.78788, 2.41132
0.22541, -0.85114, 2.33856
0.16070, 0.81295, 2.35718
0.16104, 0.60855, 2.32940
0.32203, 0.48457, 2.29548
-0.00025, 0.48583, 2.32128
-0.04864, 0.20535, 2.26723
-0.04493, -0.03440, 2.16503
-0.04361, -0.14453, 2.11828
0.38539, 0.21025, 2.24250
0.38286, -0.02004, 2.16064
0.37806, -0.12907, 2.13257
0.16838, 0.22365, 2.28743
0.16575, 0.16382, 2.22084
0.23929, 0.09208, 2.19411
0.09379, 0.09450, 2.20849
0.10191, -0.36073, 2.02848
0.11540, -0.69815, 1.80380
0.11440, -0.73182, 1.70139
0.23120, -0.41169, 2.27984
0.22643, -0.76056, 2.38978
0.22957, -0.85106, 2.33678
0.15518, 0.81115, 2.33404
0.15571, 0.60770, 2.30365
0.31687, 0.48399, 2.26751
-0.00947, 0.48579, 2.28169
-0.05230, 0.20475, 2.22963
-0.05001, -0.03052, 2.13260
-0.04529, -0.14158, 2.08093
0.38098, 0.20925, 2.21096
0.38021, -0.02327, 2.13530
0.37477, -0.13276, 2.10733
0.16232, 0.22423, 2.25247
0.16047, 0.16570, 2.18396
0.23501, 0.09485, 2.15577
0.08713, 0.09534, 2.16670
0.09845, -0.35821, 1.98720
0.12114, -0.73172, 1.78385
0.12022, -0.76316, 1.67974
0.24325, -0.40058, 2.26414
0.23256, -0.75440, 2.38150
0.23327, -0.85312, 2.33431
0.14368, 0.81364, 2.29208
0.14796, 0.61120, 2.25874
0.30669, 0.48554, 2.22010
-0.01781, 0.48877, 2.24763
-0.05678, 0.20722, 2.19041
-0.05737, -0.02379, 2.09625
-0.05041, -0.13550, 2.04753
0.37562, 0.21276, 2.17119
0.37878, -0.02215, 2.10066
0.37178, -0.13190, 2.07323
0.15617, 0.22875, 2.21127
0.15338, 0.17004, 2.14426
0.22861, 0.09983, 2.11737
0.08034, 0.09833, 2.13087
0.09354, -0.33776, 1.95240
0.12298, -0.74191, 1.77277
0.12000, -0.78184, 1.66778
0.25465, -0.39440, 2.26055
0.23704, -0.71913, 2.34418
0.22868, -0.76409, 2.25064
0.13783, 0.81564, 2.26215
0.14251, 0.61397, 2.23076
0.30037, 0.48912, 2.18936
-0.02529, 0.49620, 2.21166
-0.06324, 0.21364, 2.15239
-0.06362, -0.01432, 2.05903
-0.05482, -0.12208, 2.00820
0.37118, 0.21552, 2.13936
0.37703, -0.02099, 2.07302
0.37060, -0.13032, 2.04311
0.15100, 0.23195, 2.17615
0.14879, 0.17412, 2.10716
0.22400, 0.10424, 2.07850
0.07615, 0.10326, 2.09058
0.09192, -0.33186, 1.93638
0.12270, -0.74924, 1.76477
0.11846, -0.79384, 1.65871
0.23113, -0.37258, 2.17660
0.23916, -0.72357, 2.32019
0.23540, -0.82373, 2.29727
0.12901, 0.82251, 2.22668
0.13295, 0.62255, 2.19215
0.29194, 0.49979, 2.14872
-0.03075, 0.50315, 2.17063
-0.07001, 0.22386, 2.11676
-0.06979, 0.00100, 2.01479
-0.06131, -0.10522, 1.96805
0.36609, 0.22155, 2.10419
0.37471, -0.01651, 2.03078
0.37042, -0.12714, 2.00817
0.14386, 0.23836, 2.13869
0.14216, 0.18021, 2.07039
0.21626, 0.11145, 2.03940
0.07136, 0.10904, 2.05857
0.08587, -0.32149, 1.91243
0.12050, -0.75472, 1.76296
0.11553, -0.80365, 1.65786
0.23179, -0.36363, 2.13892
0.24018, -0.73091, 2.30696
0.23664, -0.82570, 2.29497
0.12257, 0.83002, 2.19303
0.12754, 0.63067, 2.16223
0.28668, 0.50714, 2.12070
-0.03474, 0.51097, 2.13779
-0.07777, 0.23759, 2.08103
-0.07679, 0.01656, 1.97521
-0.07100, -0.08902, 1.93236
0.36201, 0.22652, 2.07366
0.37503, -0.01109, 1.99887
0.37152, -0.11648, 1.95976
0.13903, 0.24526, 2.10738
0.13791, 0.18716, 2.03865
0.21177, 0.11877, 2.00877
0.06748, 0.11687, 2.02484
0.08402, -0.31745, 1.90167
0.11774, -0.75776, 1.76185
0.11302, -0.80937, 1.65611
0.23762, -0.35689, 2.08154
0.23834, -0.73654, 2.28086
0.23644, -0.82881, 2.29198
0.11561, 0.83742, 2.15503
0.12173, 0.63849, 2.12518
0.28464, 0.51536, 2.09459
-0.03976, 0.51739, 2.10538
-0.08448, 0.24576, 2.04936
-0.08470, 0.02630, 1.93786
-0.07855, -0.08077, 1.90273
0.35541, 0.24634, 2.03943
0.37270, -0.00287, 1.95063
0.37245, -0.10871, 1.91781
0.13254, 0.25408, 2.06965
0.13215, 0.19633, 2.00100
0.20694, 0.12715, 1.97325
0.06056, 0.12545, 1.98424
0.08277, -0.31417, 1.89233
0.11456, -0.75942, 1.76224
0.11027, -0.81313, 1.65612
0.24199, -0.34493, 2.01764
0.23862, -0.72662, 2.23846
0.23646, -0.78478, 2.19384
0.11004, 0.84479, 2.11589
0.11807, 0.64485, 2.09971
0.27939, 0.52398, 2.05690
-0.04329, 0.52285, 2.06841
-0.09310, 0.25744, 2.01582
-0.09026, 0.03438, 1.91235
-0.08636, -0.07137, 1.87411
0.34980, 0.25619, 2.01011
0.36997, 0.00210, 1.91856
0.37057, -0.09201, 1.87431
0.12876, 0.25930, 2.04072
0.12850, 0.20161, 1.97112
0.20335, 0.13278, 1.94427
0.05689, 0.13086, 1.95380
0.08307, -0.31202, 1.87917
0.11095, -0.76078, 1.76450
0.10663, -0.81530, 1.65914
0.24548, -0.32739, 1.95149
0.24175, -0.71183, 2.17451
0.23877, -0.74695, 2.08816
0.10688, 0.85050, 2.08473
0.11497, 0.65063, 2.07386
0.27756, 0.52844, 2.03709
-0.04657, 0.52679, 2.04528
-0.09921, 0.26371, 1.99134
-0.09472, 0.03316, 1.87166
-0.09190, -0.06146, 1.84939
0.34650, 0.26228, 1.98659
0.36522, 0.00909, 1.87733
0.36766, -0.07888, 1.84010
0.12488, 0.26436, 2.01296
0.12502, 0.20674, 1.94322
0.20044, 0.13774, 1.91793
0.05240, 0.13573, 1.92186
0.08380, -0.31126, 1.86930
0.10856, -0.76171, 1.76535
0.10440, -0.81614, 1.66063
0.24627, -0.31661, 1.89544
0.24428, -0.70227, 2.11245
0.24189, -0.72564, 2.00177
0.10509, 0.85432, 2.04558
0.11299, 0.65528, 2.05088
0.27402, 0.53563, 2.00975
-0.04941, 0.53267, 2.01962
-0.10589, 0.26842, 1.96196
-0.09775, 0.03664, 1.84951
-0.09727, -0.04723, 1.81517
0.34453, 0.26634, 1.96091
0.36054, 0.01522, 1.84918
0.36202, -0.06256, 1.80555
0.12224, 0.26739, 1.98824
0.12224, 0.20965, 1.91809
0.19760, 0.14104, 1.89511
0.04959, 0.13863, 1.89573
0.08560, -0.31250, 1.85745
0.10669, -0.76269, 1.76649
0.10243, -0.81600, 1.66285
0.24645, -0.30613, 1.84157
0.24615, -0.69354, 2.04736
0.24341, -0.71440, 1.92843
0.10397, 0.85743, 2.02178
0.11016, 0.65893, 2.02142
0.27014, 0.53977, 1.98521
-0.04876, 0.53693, 1.99045
-0.10972, 0.27046, 1.93837
-0.09779, 0.03497, 1.81469
-0.09929, -0.04122, 1.78429
0.34240, 0.26876, 1.93512
0.35582, 0.02726, 1.82447
0.35608, -0.04924, 1.77662
0.11904, 0.26788, 1.95988
0.11943, 0.20951, 1.88984
0.19357, 0.14269, 1.86732
0.04799, 0.13938, 1.87014
0.08760, -0.31528, 1.84411
0.10537, -0.76366, 1.76815
0.10143, -0.81542, 1.66568
0.24520, -0.30967, 1.81598
0.24820, -0.70300, 1.99406
0.27235, -0.77463, 1.95350
0.10034, 0.85852, 1.99779
0.10861, 0.66180, 2.00097
0.26453, 0.54050, 1.95438
-0.04700, 0.53858, 1.96299
-0.11382, 0.27064, 1.91146
-0.09778, 0.03688, 1.79439
-0.10012, -0.03618, 1.76159
0.34018, 0.26836, 1.90646
0.35036, 0.03713, 1.79751
0.35110, -0.04069, 1.75169
0.11773, 0.26684, 1.93631
0.11809, 0.20763, 1.86543
0.19123, 0.14289, 1.84582
0.04790, 0.13829, 1.84369
0.08709, -0.31833, 1.83007
0.10497, -0.76449, 1.77049
0.10144, -0.81445, 1.66924
0.23693, -0.29887, 1.76158
0.24134, -0.68930, 1.92381
0.27443, -0.75621, 1.89080
0.09720, 0.86026, 1.98162
0.10637, 0.66391, 1.97183
0.25368, 0.53842, 1.92073
-0.04139, 0.54073, 1.92770
-0.11613, 0.26810, 1.88240
-0.09607, 0.03971, 1.76600
-0.09896, -0.03251, 1.73708
0.33771, 0.26644, 1.87674
0.34252, 0.04465, 1.76276
0.34418, -0.03446, 1.71966
0.11353, 0.26158, 1.90644
0.11382, 0.20058, 1.83510
0.18443, 0.13946, 1.81986
0.04657, 0.13546, 1.81659
0.08479, -0.32277, 1.81832
0.10574, -0.76561, 1.77283
0.10305, -0.81316, 1.67259
0.22357, -0.31380, 1.72974
0.23152, -0.67249, 1.84041
0.27846, -0.75331, 1.83405
0.09289, 0.86115, 1.95725
0.10385, 0.66554, 1.94831
0.24396, 0.53517, 1.89148
-0.03903, 0.54234, 1.90556
-0.11790, 0.26536, 1.85925
-0.09427, 0.04167, 1.73928
-0.09654, -0.03094, 1.71055
0.33407, 0.26107, 1.84302
0.33679, 0.04405, 1.73321
0.33898, -0.03047, 1.69353
0.11034, 0.25763, 1.88180
0.11006, 0.19542, 1.81031
0.17769, 0.13605, 1.79457
0.04482, 0.13317, 1.79113
0.08099, -0.32830, 1.80693
0.10857, -0.76619, 1.77380
0.10656, -0.81092, 1.67410
0.20727, -0.32688, 1.70119
0.22404, -0.71003, 1.77301
0.24796, -0.77128, 1.72320
0.08976, 0.86199, 1.93986
0.10060, 0.66473, 1.91805
0.23630, 0.53324, 1.86703
-0.04080, 0.54255, 1.88371
-0.11837, 0.26220, 1.83411
-0.09161, 0.04085, 1.71291
-0.09373, -0.03310, 1.68722
0.33197, 0.25852, 1.82181
0.33223, 0.04442, 1.70454
0.33411, -0.02962, 1.66649
0.10702, 0.25554, 1.85903
0.10631, 0.19265, 1.78860
0.17231, 0.13413, 1.77318
0.04199, 0.13184, 1.76839
0.07683, -0.33400, 1.79634
0.11194, -0.76588, 1.77462
0.11056, -0.80781, 1.67530
0.19611, -0.31238, 1.65633
0.22144, -0.72339, 1.70705
0.22745, -0.77700, 1.61609
0.08677, 0.86236, 1.91705
0.09849, 0.66445, 1.89467
0.23032, 0.53040, 1.84325
-0.04386, 0.53953, 1.85881
-0.11824, 0.25988, 1.81088
-0.08954, 0.04014, 1.68937
-0.09113, -0.03542, 1.66625
0.32882, 0.25493, 1.79371
0.32772, 0.04175, 1.67246
0.33024, -0.03029, 1.64016
0.10350, 0.25341, 1.83516
0.10220, 0.19003, 1.76494
0.16656, 0.13144, 1.74790
0.03865, 0.13053, 1.74574
0.07285, -0.33804, 1.78685
0.11533, -0.76485, 1.77533
0.11445, -0.80428, 1.67625
0.19004, -0.30417, 1.62512
0.22168, -0.73667, 1.61195
0.21708, -0.78672, 1.50439
0.09547, 0.86008, 1.87422
0.09706, 0.66378, 1.86804
0.22623, 0.52784, 1.81869
-0.04678, 0.53597, 1.83369
-0.11839, 0.25773, 1.78952
-0.08798, 0.03854, 1.66960
-0.08783, -0.03839, 1.64471
0.32669, 0.25252, 1.77133
0.32379, 0.04003, 1.64561
0.32667, -0.03235, 1.61202
0.10125, 0.25223, 1.81200
0.09944, 0.18845, 1.74250
0.16319, 0.12984, 1.72712
0.03604, 0.12947, 1.72158
0.06866, -0.34108, 1.77700
0.11864, -0.76297, 1.77560
0.11791, -0.80029, 1.67661
0.18360, -0.29829, 1.60044
0.22062, -0.73746, 1.50669
0.21167, -0.78777, 1.39101
0.10111, 0.86009, 1.85384
0.09587, 0.66319, 1.84581
0.22842, 0.52678, 1.80055
-0.05046, 0.53605, 1.81686
-0.11869, 0.25525, 1.76614
-0.07472, 0.00119, 1.61885
-0.09812, -0.06564, 1.63362
0.32421, 0.25083, 1.74466
0.31900, 0.03873, 1.61543
0.32295, -0.03453, 1.58481
0.09982, 0.25435, 1.79005
0.09779, 0.19121, 1.72048
0.16318, 0.13046, 1.70444
0.03252, 0.13084, 1.69720
0.06468, -0.34367, 1.76645
0.12153, -0.75924, 1.77497
0.12076, -0.79454, 1.67589
0.17821, -0.29349, 1.58077
0.21240, -0.72141, 1.40048
0.20336, -0.77215, 1.28067
0.10730, 0.86083, 1.83336
0.09547, 0.66394, 1.82407
0.23141, 0.52049, 1.76372
-0.05576, 0.53625, 1.79639
-0.11958, 0.26282, 1.74558
-0.09335, 0.02978, 1.60929
-0.09386, -0.06289, 1.60408
0.32239, 0.25531, 1.72360
0.31449, 0.02399, 1.57371
0.32186, -0.05174, 1.55334
0.10095, 0.25606, 1.76411
0.09786, 0.19325, 1.69417
0.16466, 0.13058, 1.68027
0.03123, 0.13108, 1.66798
0.06035, -0.34474, 1.75321
0.12345, -0.75495, 1.77364
0.12171, -0.78888, 1.67449
0.17369, -0.29034, 1.56021
0.19874, -0.69657, 1.30877
0.18893, -0.74654, 1.18951
0.11133, 0.86168, 1.81386
0.09366, 0.66490, 1.80287
0.23371, 0.51793, 1.74487
-0.06198, 0.53143, 1.77177
-0.12025, 0.26872, 1.72961
-0.10151, 0.03925, 1.60044
-0.09317, -0.06068, 1.58627
0.32131, 0.27776, 1.69859
0.31885, 0.05205, 1.55956
0.32062, -0.04684, 1.53538
0.10083, 0.25717, 1.74024
0.09808, 0.19458, 1.66978
0.16749, 0.12995, 1.65073
0.03018, 0.13064, 1.64495
0.05521, -0.34320, 1.73271
0.12454, -0.75016, 1.77174
0.12227, -0.78317, 1.67248
0.17030, -0.28985, 1.54284
0.19105, -0.67566, 1.24907
0.18259, -0.72088, 1.12798
0.11364, 0.86222, 1.79296
0.09113, 0.66527, 1.77973
0.23711, 0.51768, 1.72282
-0.06374, 0.52603, 1.73784
-0.12053, 0.27379, 1.70556
-0.10763, 0.04522, 1.59212
-0.09506, -0.05895, 1.56546
0.32036, 0.27982, 1.66714
0.31477, 0.02926, 1.52331
0.32112, -0.06176, 1.50944
0.10028, 0.25717, 1.71388
0.09855, 0.19484, 1.64280
0.16943, 0.12921, 1.62297
0.03009, 0.13002, 1.62042
0.05054, -0.33978, 1.71006
0.12404, -0.74434, 1.76879
0.12149, -0.77685, 1.66945
0.16782, -0.28805, 1.49981
0.18645, -0.66907, 1.21846
0.17847, -0.71355, 1.09645
0.11710, 0.86050, 1.76399
0.09249, 0.66203, 1.74573
0.24029, 0.51942, 1.69622
-0.06669, 0.52326, 1.71772
-0.12139, 0.27368, 1.67890
-0.10974, 0.04096, 1.56595
-0.09750, -0.05953, 1.54606
0.31938, 0.27782, 1.64404
0.31253, 0.01755, 1.50375
0.31947, -0.06923, 1.48376
0.10075, 0.26038, 1.68775
0.09821, 0.19907, 1.61702
0.16991, 0.13088, 1.60268
0.02810, 0.13486, 1.58517
0.04668, -0.33487, 1.68316
0.10802, -0.66707, 1.74454
0.09253, -0.73568, 1.69448
0.16655, -0.28554, 1.47772
0.18110, -0.66066, 1.19493
0.17280, -0.70302, 1.07305
0.11868, 0.85508, 1.73116
0.09291, 0.65411, 1.71036
0.23714, 0.50922, 1.64899
-0.06323, 0.51302, 1.67564
-0.12161, 0.26539, 1.64161
-0.11040, 0.03739, 1.54921
-0.10061, -0.06059, 1.52123
0.31782, 0.27215, 1.61441
0.31051, 0.00801, 1.48423
0.31880, -0.07474, 1.46024
0.10164, 0.25678, 1.65048
0.09813, 0.19690, 1.58123
0.16842, 0.12999, 1.57146
0.02895, 0.13453, 1.55463
0.04493, -0.33010, 1.65426
0.09649, -0.61736, 1.72362
0.08135, -0.71690, 1.70371
0.16392, -0.28341, 1.43075
0.17713, -0.65821, 1.18152
0.16800, -0.70296, 1.06412
0.11843, 0.84625, 1.69400
0.09230, 0.64290, 1.67248
0.23709, 0.50447, 1.62424
-0.06045, 0.50909, 1.64896
-0.12065, 0.25884, 1.61493
-0.10657, 0.01124, 1.50867
-0.10407, -0.07401, 1.49417
0.31870, 0.26512, 1.58289
0.30863, -0.00157, 1.45697
0.31983, -0.08017, 1.43742
0.10216, 0.25488, 1.62420
0.09896, 0.19586, 1.55562
0.16900, 0.12994, 1.54357
0.03057, 0.13365, 1.52898
0.04363, -0.32861, 1.63323
0.09109, -0.59628, 1.71117
0.07502, -0.70648, 1.70687
0.16272, -0.28179, 1.39701
0.17375, -0.65882, 1.17658
0.16519, -0.70733, 1.06515
0.11910, 0.82834, 1.64258
0.09416, 0.62384, 1.62491
0.24385, 0.52865, 1.59376
-0.06349, 0.51331, 1.63098
-0.12028, 0.25283, 1.58537
-0.10799, 0.00987, 1.48948
-0.10571, -0.07356, 1.46672
0.31899, 0.26301, 1.55679
0.30796, -0.00707, 1.43005
0.32021, -0.08184, 1.40121
0.10359, 0.25908, 1.59483
0.09891, 0.20279, 1.52744
0.17006, 0.13614, 1.51334
0.02972, 0.13635, 1.50483
0.04231, -0.32701, 1.60588
0.08786, -0.58342, 1.69941
0.07111, -0.69827, 1.70723
0.16271, -0.27598, 1.36991
0.17164, -0.65910, 1.17640
0.16234, -0.71057, 1.07018
0.12087, 0.80724, 1.58477
0.09739, 0.60301, 1.57152
0.24708, 0.54007, 1.57265
-0.05210, 0.53708, 1.59207
-0.11932, 0.24832, 1.55657
-0.10985, 0.00949, 1.47195
-0.10675, -0.07298, 1.44554
0.31861, 0.26571, 1.52654
0.31004, -0.00828, 1.39569
0.32167, -0.08150, 1.36747
0.10506, 0.26063, 1.55376
0.10171, 0.20702, 1.49338
0.17131, 0.14115, 1.48421
0.03399, 0.14027, 1.47190
0.04161, -0.32841, 1.58054
0.08768, -0.58057, 1.68176
0.06656, -0.68978, 1.69185
0.16218, -0.27329, 1.35259
0.17168, -0.65773, 1.17058
0.16401, -0.71014, 1.06545
0.09166, 0.79146, 1.53419
0.06403, 0.58880, 1.52504
0.26224, 0.53086, 1.53361
-0.04659, 0.54756, 1.56205
-0.11804, 0.25292, 1.52866
-0.11199, 0.01867, 1.44211
-0.10709, -0.07018, 1.41977
0.31978, 0.26868, 1.49036
0.31274, -0.00651, 1.36284
0.32893, -0.07867, 1.33697
0.09918, 0.25976, 1.51532
0.10006, 0.20791, 1.45441
0.17655, 0.14010, 1.44105
0.03465, 0.14015, 1.42947
0.03968, -0.32996, 1.53829
0.08776, -0.57885, 1.66019
0.06547, -0.68193, 1.67310
0.16137, -0.27511, 1.32869
0.17993, -0.65916, 1.16231
0.17576, -0.71271, 1.05714
0.07186, 0.77557, 1.48776
0.04094, 0.57222, 1.47628
0.26721, 0.52777, 1.49738
-0.04476, 0.54509, 1.51853
-0.11561, 0.25991, 1.49829
-0.11172, 0.02508, 1.41200
-0.10597, -0.06520, 1.38962
0.32142, 0.27087, 1.45731
0.31544, -0.00169, 1.33096
0.33284, -0.07160, 1.29891
0.09155, 0.25425, 1.47536
0.09673, 0.20369, 1.41729
0.17770, 0.13682, 1.40955
0.03383, 0.13623, 1.39792
0.03666, -0.33112, 1.49460
0.08768, -0.58027, 1.62859
0.06330, -0.67348, 1.63444
0.16745, -0.27685, 1.28122
0.17516, -0.67966, 1.21438
0.17169, -0.73386, 1.11755
0.05845, 0.75687, 1.43942
0.02857, 0.55208, 1.42498
0.26910, 0.51828, 1.45444
-0.05024, 0.53843, 1.49230
-0.11142, 0.26926, 1.46532
-0.10976, 0.02968, 1.37310
-0.10771, -0.06347, 1.36174
0.32574, 0.27059, 1.42192
0.31787, 0.01258, 1.29828
0.33533, -0.06404, 1.27619
0.08765, 0.24368, 1.43252
0.09281, 0.19295, 1.37491
0.17999, 0.12197, 1.36268
0.02883, 0.12306, 1.35929
0.02850, -0.32514, 1.43929
0.07993, -0.57354, 1.58362
0.06042, -0.66345, 1.59599
0.17066, -0.29177, 1.25360
0.17566, -0.69477, 1.22589
0.17105, -0.75172, 1.13338
0.04123, 0.74113, 1.40232
0.00968, 0.53540, 1.38709
0.27362, 0.49896, 1.41676
-0.05955, 0.52269, 1.46102
-0.10659, 0.27377, 1.43312
-0.10639, 0.02596, 1.32246
-0.11340, -0.05877, 1.31235
0.33319, 0.26591, 1.38826
0.32279, 0.02500, 1.27374
0.33806, -0.05430, 1.24716
0.08205, 0.23612, 1.40361
0.08836, 0.18538, 1.34584
0.18107, 0.11140, 1.33248
0.02379, 0.11405, 1.33120
0.01571, -0.32271, 1.38245
0.06828, -0.56682, 1.53433
0.05555, -0.62042, 1.47927
0.17317, -0.30253, 1.23509
0.16891, -0.71109, 1.25184
0.16084, -0.76812, 1.16810
0.03781, 0.71757, 1.35846
0.01213, 0.50945, 1.34187
0.27679, 0.48401, 1.38963
-0.07011, 0.49829, 1.43135
-0.10261, 0.26460, 1.39432
-0.10570, 0.02487, 1.28467
-0.11413, -0.05038, 1.25796
0.34147, 0.25773, 1.35771
0.32763, 0.03367, 1.25027
0.34035, -0.04489, 1.21930
0.08060, 0.22754, 1.36830
0.08645, 0.17875, 1.31397
0.18394, 0.10129, 1.29949
0.01949, 0.10538, 1.30099
0.00658, -0.31890, 1.32080
0.05433, -0.55930, 1.47668
0.04566, -0.59144, 1.37892
0.17452, -0.31218, 1.22293
0.16193, -0.72122, 1.26393
0.15156, -0.77828, 1.18369
0.03700, 0.70197, 1.32942
0.01473, 0.49449, 1.31508
0.27902, 0.46792, 1.36036
-0.07566, 0.47901, 1.40531
-0.10079, 0.24982, 1.35486
-0.10753, 0.02448, 1.24064
-0.11563, -0.04692, 1.21050
0.35106, 0.24551, 1.32314
0.33218, 0.01825, 1.20754
0.34319, -0.05623, 1.17399
0.07980, 0.21969, 1.34050
0.08455, 0.17225, 1.28494
0.18463, 0.09211, 1.26593
0.01538, 0.09775, 1.27537
-0.00335, -0.32185, 1.26183
0.04376, -0.55754, 1.42112
0.03783, -0.58005, 1.31266
0.17589, -0.32158, 1.21357
0.05698, -0.69475, 1.32943
0.03429, -0.72760, 1.25158
0.04000, 0.68467, 1.29854
0.02163, 0.47723, 1.28471
0.28036, 0.45347, 1.33308
-0.07883, 0.46539, 1.38356
-0.09955, 0.23782, 1.32539
-0.11055, 0.02113, 1.20951
-0.11238, -0.04012, 1.15642
0.35735, 0.23363, 1.29511
0.33638, 0.01417, 1.18135
0.34429, -0.05803, 1.14598
0.07827, 0.21134, 1.31254
0.08133, 0.16535, 1.25777
0.18176, 0.08373, 1.23811
0.00964, 0.08969, 1.24927
-0.00727, -0.32828, 1.21748
0.04526, -0.56276, 1.37195
0.03665, -0.57844, 1.26958
0.17717, -0.33089, 1.20611
0.09819, -0.65369, 1.25003
0.10330, -0.56706, 1.21998
0.04321, 0.67220, 1.27482
0.02621, 0.46659, 1.26358
0.28500, 0.42848, 1.29764
-0.08017, 0.45304, 1.35915
-0.10031, 0.22583, 1.29664
-0.11168, 0.01638, 1.16993
-0.11516, -0.04408, 1.12639
0.36583, 0.21075, 1.26468
0.34271, 0.00788, 1.13243
0.34637, -0.03738, 1.12524
0.07673, 0.20273, 1.28680
0.07794, 0.15781, 1.23158
0.17777, 0.07278, 1.20900
0.00379, 0.08207, 1.22492
-0.00930, -0.33708, 1.16785
0.04656, -0.56986, 1.32947
0.02699, -0.51369, 1.26956
0.17896, -0.34196, 1.20011
0.10755, -0.64217, 1.22370
0.11661, -0.51038, 1.21631
0.04691, 0.65939, 1.24942
0.03054, 0.45496, 1.23858
0.28473, 0.40899, 1.26722
-0.06526, 0.43352, 1.30948
-0.10369, 0.20899, 1.26420
-0.10365, 0.00893, 1.12191
-0.12334, -0.04529, 1.10639
0.37126, 0.19419, 1.24044
0.34356, -0.00021, 1.09636
0.34464, -0.04869, 1.09071
0.07503, 0.18674, 1.25458
0.07691, 0.14214, 1.19853
0.17450, 0.06084, 1.18113
0.00212, 0.07204, 1.19902
-0.00673, -0.34452, 1.15429
0.07212, -0.59775, 1.27064
0.03357, -0.49752, 1.21452
0.17923, -0.35404, 1.19311
0.11166, -0.63701, 1.21339
0.12853, -0.48314, 1.21186
0.04964, 0.64952, 1.22866
0.03289, 0.44665, 1.21906
0.28542, 0.39934, 1.24981
-0.05241, 0.41661, 1.26915
-0.10625, 0.19565, 1.23866
-0.09843, 0.00050, 1.09229
-0.13287, -0.04746, 1.08363
0.37435, 0.18374, 1.21897
0.34229, -0.00654, 1.07456
0.34157, -0.05986, 1.06173
0.07452, 0.17614, 1.23386
0.07745, 0.13140, 1.17757
0.17375, 0.05059, 1.15822
0.00301, 0.06237, 1.17849
-0.00255, -0.37365, 1.12421
0.03213, -0.15969, 0.99397
0.02549, -0.26427, 1.05081
0.17867, -0.36345, 1.18948
0.11583, -0.63641, 1.20583
0.13908, -0.47543, 1.20528
0.05176, 0.63960, 1.20610
0.03384, 0.43750, 1.19539
0.28681, 0.39238, 1.23234
-0.04723, 0.40652, 1.24481
-0.10478, 0.18152, 1.19683
-0.09117, -0.01125, 1.05170
-0.14108, -0.05139, 1.06179
0.37520, 0.17553, 1.19508
0.33782, -0.01161, 1.04747
0.33707, -0.06993, 1.03341
0.07527, 0.16772, 1.21433
0.07918, 0.12289, 1.15880
0.17570, 0.04231, 1.13720
0.00498, 0.05447, 1.16063
-0.00579, -0.41840, 1.08729
0.04965, -0.13389, 0.95496
0.03004, -0.21791, 0.99746
0.17659, -0.37163, 1.18433
0.09648, -0.61925, 1.26236
0.13791, -0.47330, 1.21641
0.05286, 0.62958, 1.18206
0.03317, 0.42777, 1.16933
0.28780, 0.38358, 1.20532
-0.04571, 0.39919, 1.22574
-0.09903, 0.17147, 1.16531
-0.08727, -0.01974, 1.02140
-0.14880, -0.05503, 1.03706
0.37434, 0.16613, 1.16884
0.33111, -0.01872, 1.01962
0.32937, -0.08070, 1.00219
0.07703, 0.16153, 1.19372
0.08134, 0.11675, 1.14011
0.17934, 0.03556, 1.11662
0.00722, 0.04895, 1.14223
-0.01232, -0.44222, 1.01181
0.03244, -0.07944, 0.94813
0.02872, -0.18335, 0.96489
0.17530, -0.37644, 1.18120
0.08525, -0.61598, 1.27372
0.13075, -0.48196, 1.22095
0.03927, 0.62426, 1.16307
0.00550, 0.42511, 1.14954
0.28376, 0.36798, 1.16703
-0.04852, 0.38818, 1.20048
-0.09284, 0.15875, 1.13323
-0.06849, -0.02579, 0.97585
-0.08883, -0.07393, 0.95622
0.37120, 0.15286, 1.13928
0.32233, -0.02792, 0.98320
0.32003, -0.09198, 0.96812
0.07603, 0.15674, 1.17761
0.08173, 0.11140, 1.12303
0.18329, 0.02936, 1.09406
0.00931, 0.04486, 1.12471
0.03016, -0.45076, 0.96207
-0.03071, -0.08103, 0.89417
0.01152, -0.18359, 0.92514
0.17437, -0.37973, 1.17879
0.06735, -0.61460, 1.27624
0.11782, -0.49410, 1.22024
0.02785, 0.62013, 1.14746
-0.00819, 0.42259, 1.13632
0.28276, 0.36187, 1.14929
-0.05186, 0.37951, 1.17962
-0.08817, 0.14992, 1.10482
-0.06426, -0.03396, 0.95267
-0.06538, -0.09683, 0.90789
0.35215, 0.14143, 1.09413
0.32249, -0.03935, 0.96332
0.31798, -0.10926, 0.94030
0.07383, 0.15328, 1.16032
0.08210, 0.10824, 1.10572
0.18806, 0.02664, 1.07061
0.01192, 0.04241, 1.10971
0.04554, -0.45446, 0.93759
-0.15568, -0.17550, 0.89983
-0.04600, -0.22420, 0.89822
0.17395, -0.38117, 1.17479
0.05099, -0.60590, 1.28295
0.10301, -0.50051, 1.22310
-0.02373, 0.58571, 1.16929
-0.05526, 0.38918, 1.16895
0.28240, 0.35704, 1.13045
-0.07814, 0.30420, 1.13344
-0.06506, 0.07589, 1.06572
-0.08779, -0.05463, 0.87322
-0.08991, -0.10430, 0.80406
0.33801, 0.13074, 1.06417
0.32333, -0.05047, 0.94421
0.31674, -0.12254, 0.91230
0.07200, 0.14705, 1.14973
0.08264, 0.10589, 1.09581
0.21086, 0.02929, 1.03925
0.02150, 0.03219, 1.08249
0.05526, -0.45933, 0.91984
-0.18720, -0.18431, 0.87335
-0.06122, -0.24351, 0.87553
0.17408, -0.37918, 1.16800
0.09260, -0.69192, 1.26821
0.11411, -0.72200, 1.17714
-0.04463, 0.57131, 1.17354
-0.08035, 0.37036, 1.17922
0.28087, 0.34992, 1.10374
-0.09524, 0.25064, 1.09663
-0.06395, 0.03020, 1.00305
0.00983, -0.10005, 0.84082
0.05373, -0.15133, 0.79220
0.32976, 0.12370, 1.03498
0.32179, -0.06015, 0.91824
0.31316, -0.13271, 0.89221
0.06808, 0.13226, 1.13381
0.08347, 0.09700, 1.07512
0.22007, 0.02835, 1.02075
0.02773, 0.01791, 1.05436
0.06066, -0.46411, 0.90299
-0.21855, -0.24210, 0.85770
-0.10648, -0.31014, 0.81839
0.17424, -0.37778, 1.15988
-0.01900, -0.52063, 1.28194
0.05829, -0.52285, 1.20406
-0.05832, 0.55961, 1.16831
-0.09320, 0.35664, 1.17194
0.27525, 0.33584, 1.06742
-0.09986, 0.22167, 1.06533
-0.05918, 0.00382, 0.97194
0.03707, -0.18802, 0.82018
0.07500, -0.26575, 0.77880
0.32610, 0.11454, 1.00992
0.31736, -0.07130, 0.89222
0.30592, -0.14401, 0.86579
0.06416, 0.11970, 1.11419
0.08373, 0.08949, 1.05248
0.22548, 0.02724, 1.00262
0.02989, 0.01012, 1.02895
0.06381, -0.46728, 0.88775
-0.22386, -0.26182, 0.85080
-0.12064, -0.33097, 0.79325
0.17567, -0.37587, 1.14473
-0.00723, -0.51414, 1.29165
0.06514, -0.49024, 1.20818
-0.06802, 0.55369, 1.15662
-0.09908, 0.35357, 1.14885
0.27055, 0.32700, 1.04181
-0.11106, 0.14603, 1.01754
0.08116, 0.04400, 0.98973
0.00697, -0.06421, 0.81233
-0.02998, -0.06717, 0.77715
0.32060, 0.10678, 0.98274
0.31682, -0.08184, 0.86858
0.30247, -0.15374, 0.84338
0.06468, 0.11724, 1.08708
0.08849, 0.09233, 1.01950
0.23802, 0.04404, 0.96286
0.03937, 0.00282, 0.99648
0.06030, -0.47108, 0.86897
-0.20507, -0.26602, 0.84068
-0.12779, -0.34106, 0.77548
0.18016, -0.35745, 1.10489
0.09280, -0.65770, 1.20360
0.10095, -0.70039, 1.11428
-0.07410, 0.54954, 1.13083
-0.09896, 0.35307, 1.11142
0.26013, 0.31193, 1.00288
-0.11695, 0.10306, 0.98342
0.00237, -0.03478, 0.86904
0.13382, 0.06105, 0.85681
0.16533, 0.08228, 0.84863
0.31842, 0.09717, 0.95951
0.31628, -0.09146, 0.83866
0.30151, -0.16244, 0.81162
0.05642, 0.12470, 1.05897
0.07770, 0.10456, 0.99014
0.21890, 0.06135, 0.93796
0.03428, 0.00929, 0.96266
-0.02379, -0.45838, 0.83781
-0.09811, -0.12395, 0.85283
-0.00681, -0.11051, 0.82805
0.18677, -0.34464, 1.07346
0.15275, -0.69146, 1.15817
0.14583, -0.75822, 1.06481
0.00876, 0.39023, 0.96795
-0.09630, 0.34825, 1.06972
0.00807, 0.16503, 0.91427
-0.12210, 0.07955, 0.94579
-0.00835, -0.06734, 0.79580
0.23081, 0.02427, 0.83363
0.32518, 0.03799, 0.85694
0.28229, 0.06295, 0.90072
0.32861, -0.12802, 0.81288
0.31632, -0.19780, 0.78357
0.17411, 0.15151, 1.00661
0.20445, 0.11488, 0.94092
0.26187, 0.09191, 0.92503
0.19991, 0.08976, 0.91773
0.05559, -0.39614, 0.81070
0.03825, -0.62378, 0.74530
0.01300, -0.66915, 0.66806
0.19812, -0.31550, 1.02505
0.16228, -0.71677, 1.07332
0.11958, -0.80200, 0.98807
0.10905, 0.26286, 0.91353
0.25340, 0.30252, 0.99722
0.27818, 0.12315, 0.92079
0.18328, 0.05383, 0.89031
-0.03612, 0.02538, 0.81510
0.00939, 0.29188, 0.84697
0.05452, 0.35651, 0.85335
0.27438, -0.04862, 0.84278
0.13088, -0.16541, 0.91648
0.15441, -0.23349, 0.86160
0.08914, 0.11814, 0.91765
0.08711, 0.04445, 0.88849
0.08027, 0.04615, 0.90417
0.06740, 0.01005, 0.85959
0.13349, -0.43121, 0.78537
0.13126, -0.25594, 0.77699
0.19343, -0.23624, 0.75564
0.22655, -0.35371, 0.99844
0.31832, -0.73567, 1.03803
0.37665, -0.81220, 1.03298
0.16587, 0.24577, 0.84173
0.29864, 0.28778, 0.95180
0.25472, 0.07415, 0.87117
0.26509, 0.02724, 0.84378
-0.04928, 0.05001, 0.79705
-0.05867, 0.36007, 0.94452
-0.03684, 0.46571, 0.97928
0.18401, -0.07334, 0.81512
0.12823, -0.22862, 0.92498
0.12035, -0.29574, 0.89357
0.10924, -0.05420, 0.98706
0.11848, -0.14527, 0.96357
0.11561, -0.14436, 1.02551
0.09700, -0.19347, 0.91172
0.14215, -0.62272, 0.85785
0.16223, -0.39421, 0.83006
0.22548, -0.43109, 0.80925
0.24668, -0.44257, 0.97739
0.28044, -0.62224, 1.01504
0.25085, -0.56669, 0.98454
0.10568, -0.21828, 0.78982
0.22294, -0.24396, 0.91282
0.24099, -0.37362, 0.84409
0.21408, -0.44401, 0.80726
-0.12644, -0.41303, 0.78478
-0.12732, -0.11009, 0.83436
-0.14841, 0.27971, 0.86273
0.08150, -0.54053, 0.79575
0.05678, -0.75358, 0.88791
0.05290, -0.82357, 0.90477
0.14396, -0.21697, 0.70503
0.09352, -0.20628, 0.69181
0.08766, -0.17883, 0.66046
0.07418, -0.21917, 0.67552
0.14958, -0.70186, 0.86695
0.17175, -0.41254, 0.84511
0.09576, -0.46160, 0.88438
0.18387, -0.46596, 0.98717
0.19526, -0.62241, 1.22471
0.12219, -0.66073, 1.26569
0.00928, -0.10436, 0.41346
0.00000, 0.00000, 0.00000
0.11480, -0.35988, 0.91207
0.12160, -0.35307, 0.91058
-0.03171, -0.15065, 0.86082
-0.15650, 0.14586, 0.86964
-0.17048, 0.32243, 0.86340
-0.05125, -0.56368, 0.84434
-0.07009, -0.78905, 0.94276
-0.07270, -0.86018, 0.96900
0.00000, 0.00000, 0.00000
0.00000, 0.00000, 0.00000
0.00000, 0.00000, 0.00000
0.00000, 0.00000, 0.00000
0.00000, 0.00000, 0.00000
0.12165, 0.16441, 0.40242
0.14890, 0.16974, 0.50593
0.07622, -0.21771, 0.62608
0.04880, -0.44341, 0.81976
0.08924, -0.38276, 0.88786
