0.17416, 0.67470, 3.88074
0.18531, 0.49723, 3.88071
0.33826, 0.40750, 3.82221
0.03935, 0.40552, 3.84312
-0.01664, 0.17574, 3.78504
-0.00596, -0.02262, 3.70407
0.00574, -0.11665, 3.68463
0.39165, 0.18195, 3.80035
0.44573, -0.06065, 3.67961
0.42287, -0.11057, 3.63382
0.21921, 0.11420, 3.84551
0.22160, 0.05300, 3.78066
0.29421, -0.01202, 3.77245
0.15970, -0.01291, 3.75518
0.19098, -0.54814, 3.76356
0.25147, -0.90119, 3.71180
0.22173, -0.95943, 3.65008
0.30975, -0.51490, 3.65664
0.31742, -0.86928, 3.72519
0.30699, -0.94482, 3.68402
0.18254, 0.67285, 3.85955
0.18449, 0.49754, 3.87499
0.33888, 0.40563, 3.81175
0.03953, 0.40890, 3.84084
-0.01559, 0.14265, 3.76681
-0.00549, -0.06566, 3.67369
0.00947, -0.15836, 3.65742
0.40794, 0.13540, 3.76835
0.44703, -0.13656, 3.61378
0.43653, -0.19628, 3.57902
0.21958, 0.11639, 3.83891
0.22082, 0.05570, 3.77397
0.29324, -0.01000, 3.75814
0.15909, -0.00979, 3.75250
0.19090, -0.54650, 3.76168
0.24844, -0.89552, 3.71011
0.23072, -0.95646, 3.64535
0.31364, -0.51074, 3.62415
0.31897, -0.86785, 3.69600
0.31544, -0.94168, 3.64256
0.18688, 0.67555, 3.82807
0.18263, 0.50149, 3.86077
0.33899, 0.40396, 3.78911
0.03833, 0.41075, 3.83182
-0.01838, 0.11990, 3.73015
-0.00006, -0.10472, 3.64051
0.01663, -0.20204, 3.62459
0.42025, 0.10825, 3.73784
0.44846, -0.13894, 3.60895
0.44633, -0.21977, 3.55990
0.21741, 0.12196, 3.82535
0.21730, 0.06145, 3.76060
0.28884, -0.00398, 3.73479
0.15676, -0.00603, 3.74742
0.19019, -0.54553, 3.75918
0.24606, -0.89468, 3.70812
0.23032, -0.95650, 3.63871
0.31477, -0.51261, 3.58918
0.33166, -0.87168, 3.59914
0.31360, -0.94010, 3.56316
0.18961, 0.67715, 3.80905
0.17944, 0.50649, 3.81664
0.33962, 0.40398, 3.76506
0.03303, 0.40663, 3.78671
-0.02015, 0.10852, 3.69910
0.00518, -0.12742, 3.61456
0.01464, -0.22040, 3.57062
0.42852, 0.08706, 3.69953
0.43669, -0.15988, 3.57215
0.45273, -0.23649, 3.54556
0.20620, 0.14153, 3.79014
0.20693, 0.08384, 3.72610
0.28014, 0.01556, 3.70316
0.14269, 0.01651, 3.71242
0.18785, -0.54461, 3.75008
0.23906, -0.89482, 3.69669
0.21212, -0.96102, 3.62395
0.31087, -0.52559, 3.53473
0.33447, -0.87221, 3.47701
0.32632, -0.93534, 3.41575
0.19517, 0.67599, 3.76048
0.18098, 0.50294, 3.75876
0.33969, 0.40216, 3.73415
0.02631, 0.40321, 3.74445
-0.02203, 0.10203, 3.67374
0.00698, -0.13590, 3.59570
0.01280, -0.22346, 3.53875
0.43190, 0.08052, 3.68389
0.43144, -0.18784, 3.53227
0.46473, -0.25363, 3.53192
0.19960, 0.13888, 3.74172
0.20036, 0.07978, 3.67960
0.27448, 0.00954, 3.65860
0.13283, 0.01218, 3.66999
0.18398, -0.54283, 3.73742
0.23026, -0.88977, 3.69200
0.20206, -0.96291, 3.61965
0.30394, -0.53251, 3.47841
0.32492, -0.84989, 3.36701
0.32720, -0.91307, 3.28557
0.19611, 0.67551, 3.73805
0.18048, 0.50114, 3.73216
0.33785, 0.40013, 3.70741
0.02224, 0.39912, 3.70998
-0.02504, 0.10151, 3.65243
0.00136, -0.13028, 3.55800
0.01123, -0.22424, 3.51957
0.42923, 0.08358, 3.65795
0.42784, -0.20344, 3.50608
0.45504, -0.26410, 3.48180
0.19515, 0.13526, 3.71365
0.19625, 0.07544, 3.65111
0.27065, 0.00536, 3.63170
0.12731, 0.00681, 3.63920
0.17547, -0.54784, 3.71806
0.22351, -0.88915, 3.68864
0.19861, -0.96344, 3.61842
0.29857, -0.53057, 3.45725
0.30216, -0.79549, 3.28738
0.30235, -0.83326, 3.19464
0.19831, 0.66518, 3.69148
0.18042, 0.49904, 3.71543
0.33558, 0.39239, 3.66522
0.01952, 0.39927, 3.69069
-0.02859, 0.10438, 3.63446
-0.00548, -0.12223, 3.52990
0.00630, -0.21131, 3.48609
0.42502, 0.09453, 3.62119
0.42338, -0.20922, 3.48862
0.44259, -0.26756, 3.45243
0.19195, 0.12679, 3.68185
0.19045, 0.06703, 3.61673
0.26370, -0.00616, 3.59483
0.11915, -0.00079, 3.59854
0.16624, -0.55102, 3.69765
0.21761, -0.88831, 3.68721
0.19349, -0.96352, 3.61997
0.29439, -0.53003, 3.43224
0.28067, -0.78842, 3.21646
0.28931, -0.84289, 3.11447
0.19890, 0.66702, 3.66964
0.18083, 0.49858, 3.69218
0.33915, 0.38503, 3.63240
0.01671, 0.39845, 3.65308
-0.03387, 0.12423, 3.58660
-0.00918, -0.10928, 3.50407
0.00365, -0.20156, 3.46674
0.42298, 0.09767, 3.57789
0.41595, -0.20136, 3.43721
0.42713, -0.26609, 3.41264
0.19037, 0.12286, 3.65643
0.18895, 0.06284, 3.59166
0.26283, -0.01217, 3.56951
0.11648, -0.00439, 3.57441
0.15573, -0.57325, 3.66646
0.20817, -0.88533, 3.68516
0.19102, -0.96411, 3.61975
0.28500, -0.53984, 3.37762
0.27034, -0.80027, 3.14372
0.27674, -0.85539, 3.03485
0.19498, 0.67588, 3.63454
0.17244, 0.49720, 3.64150
0.34518, 0.38194, 3.60528
0.01427, 0.39357, 3.60821
-0.03475, 0.13081, 3.55058
-0.01291, -0.10492, 3.48122
0.00234, -0.19742, 3.44824
0.42239, 0.09816, 3.56147
0.41692, -0.14602, 3.42733
0.41437, -0.23309, 3.39090
0.18471, 0.13208, 3.61230
0.18609, 0.07392, 3.54909
0.26385, -0.00287, 3.52934
0.11264, 0.00316, 3.53260
0.14976, -0.58148, 3.64568
0.19972, -0.88216, 3.68338
0.18875, -0.96492, 3.61954
0.27082, -0.54372, 3.33316
0.26272, -0.80712, 3.12467
0.27243, -0.85625, 3.01066
0.19416, 0.67828, 3.61202
0.17718, 0.49506, 3.60434
0.35322, 0.38040, 3.57644
0.01418, 0.39108, 3.58704
-0.03349, 0.12424, 3.51924
-0.02101, -0.11008, 3.43567
-0.00487, -0.20302, 3.40735
0.41728, 0.09818, 3.53474
0.41549, -0.12734, 3.40720
0.40944, -0.21628, 3.36785
0.18650, 0.13063, 3.57371
0.18670, 0.07268, 3.50938
0.26364, -0.00180, 3.48526
0.11246, -0.00388, 3.49168
0.14014, -0.57784, 3.60580
0.19153, -0.91930, 3.66880
0.17092, -0.97045, 3.59663
0.26030, -0.53754, 3.29561
0.25741, -0.80666, 3.11920
0.26532, -0.85805, 3.00676
0.19366, 0.67933, 3.59025
0.18303, 0.49565, 3.57310
0.35613, 0.38208, 3.55001
0.01855, 0.39263, 3.54417
-0.03424, 0.12090, 3.49808
-0.02384, -0.11238, 3.40833
-0.00762, -0.20553, 3.38316
0.41625, 0.10275, 3.51844
0.41630, -0.11406, 3.39280
0.40791, -0.20950, 3.35523
0.18572, 0.12948, 3.54264
0.18620, 0.07138, 3.47929
0.26208, -0.00081, 3.45789
0.11152, -0.00667, 3.46340
0.13149, -0.55613, 3.56021
0.18171, -0.90245, 3.66161
0.16406, -0.97041, 3.59626
0.25396, -0.52594, 3.26916
0.25062, -0.80778, 3.10318
0.25515, -0.86895, 2.99595
0.19727, 0.68566, 3.56506
0.18873, 0.49795, 3.54927
0.36166, 0.37936, 3.51730
0.02120, 0.39549, 3.52155
-0.03298, 0.13042, 3.47309
-0.02617, -0.10683, 3.38858
-0.00930, -0.20328, 3.37011
0.41487, 0.11588, 3.46919
0.41087, -0.13852, 3.32830
0.40137, -0.22054, 3.29277
0.18672, 0.12943, 3.51357
0.18607, 0.07145, 3.44890
0.26077, -0.00007, 3.42458
0.11013, -0.00653, 3.43161
0.12715, -0.54827, 3.53532
0.17716, -0.89555, 3.65041
0.15967, -0.97075, 3.59339
0.25371, -0.51813, 3.24096
0.24447, -0.81355, 3.08339
0.24548, -0.88188, 2.97868
0.20324, 0.69364, 3.51021
0.19572, 0.50846, 3.49977
0.36295, 0.38145, 3.46470
0.03135, 0.40241, 3.47847
-0.02569, 0.12948, 3.42764
-0.02593, -0.10624, 3.35502
-0.01610, -0.20442, 3.33672
0.41815, 0.12574, 3.42593
0.41315, -0.12355, 3.29506
0.40120, -0.21248, 3.26269
0.18890, 0.13409, 3.46339
0.18608, 0.07510, 3.39890
0.25765, 0.00613, 3.37564
0.11120, -0.00072, 3.38291
0.11814, -0.53448, 3.48364
0.17029, -0.87781, 3.62760
0.15661, -0.97017, 3.59184
0.25331, -0.51547, 3.22581
0.24282, -0.82195, 3.08187
0.24150, -0.89174, 2.97814
0.20842, 0.70117, 3.47059
0.20517, 0.51585, 3.46687
0.36376, 0.38731, 3.42105
0.03768, 0.40730, 3.44491
-0.02015, 0.12979, 3.39316
-0.02734, -0.10475, 3.32729
-0.02490, -0.19982, 3.28757
0.42438, 0.13574, 3.39096
0.41768, -0.10469, 3.26598
0.40831, -0.19251, 3.22016
0.19566, 0.13991, 3.42639
0.19126, 0.08115, 3.36149
0.26053, 0.01396, 3.33990
0.11744, 0.00703, 3.34349
0.10842, -0.52644, 3.42753
0.16217, -0.86340, 3.59034
0.15667, -0.92183, 3.51375
0.25331, -0.50724, 3.19929
0.24151, -0.82902, 3.08042
0.23953, -0.89814, 2.97968
0.21257, 0.70833, 3.44776
0.21346, 0.52309, 3.43341
0.36547, 0.39826, 3.38902
0.04286, 0.41550, 3.41353
-0.01765, 0.13305, 3.37013
-0.02576, -0.09259, 3.27998
-0.02653, -0.18649, 3.23374
0.43022, 0.14605, 3.34293
0.41878, -0.08372, 3.22045
0.40980, -0.17412, 3.17063
0.19924, 0.14827, 3.39310
0.19352, 0.09005, 3.32826
0.26316, 0.02491, 3.29576
0.11831, 0.01530, 3.31748
0.09367, -0.51361, 3.35620
0.15384, -0.84411, 3.55024
0.14601, -0.93124, 3.51608
0.25318, -0.50250, 3.18442
0.24058, -0.83316, 3.07957
0.23889, -0.90237, 2.98253
0.22804, 0.72220, 3.40458
0.21671, 0.53010, 3.40827
0.37026, 0.40991, 3.35500
0.04667, 0.42544, 3.39126
-0.01272, 0.15189, 3.32963
-0.02568, -0.07640, 3.24112
-0.02808, -0.17789, 3.20778
0.43437, 0.14913, 3.29969
0.41996, -0.08179, 3.18168
0.41003, -0.17561, 3.14477
0.20399, 0.15976, 3.35974
0.19711, 0.10361, 3.29337
0.26640, 0.03382, 3.26658
0.12177, 0.03438, 3.27639
0.07739, -0.50466, 3.28504
0.13819, -0.83874, 3.49173
0.13205, -0.89558, 3.41920
0.25277, -0.49961, 3.17504
0.23983, -0.83572, 3.07881
0.23916, -0.90509, 2.98645
0.23615, 0.72957, 3.38127
0.21298, 0.54104, 3.36580
0.37427, 0.41944, 3.32845
0.05406, 0.44242, 3.35287
-0.00976, 0.15998, 3.28609
-0.02472, -0.06764, 3.19664
-0.03050, -0.16484, 3.15239
0.43590, 0.15094, 3.27468
0.41972, -0.09081, 3.13911
0.41250, -0.17763, 3.09993
0.20523, 0.17131, 3.33052
0.19924, 0.11435, 3.26609
0.26910, 0.04294, 3.23715
0.12398, 0.04517, 3.25383
0.05974, -0.47160, 3.20238
0.12399, -0.80674, 3.42328
0.11298, -0.90151, 3.41885
0.25222, -0.49605, 3.16697
0.23940, -0.83785, 3.07842
0.23974, -0.90658, 2.99015
0.24074, 0.73424, 3.33531
0.21417, 0.54707, 3.34498
0.37884, 0.42641, 3.30605
0.05559, 0.44947, 3.33086
-0.00908, 0.16732, 3.26214
-0.02777, -0.05595, 3.16233
-0.03127, -0.15182, 3.11475
0.43744, 0.15907, 3.23707
0.41972, -0.08938, 3.12018
0.41314, -0.17537, 3.06928
0.20809, 0.17947, 3.30694
0.20247, 0.12308, 3.24194
0.27233, 0.04875, 3.21561
0.12733, 0.05560, 3.22615
0.05706, -0.44209, 3.13492
0.11096, -0.78701, 3.35401
0.09429, -0.89024, 3.36172
0.25127, -0.49332, 3.15957
0.23917, -0.83981, 3.07809
0.24054, -0.90704, 2.99437
0.24266, 0.73874, 3.31623
0.21446, 0.55349, 3.30772
0.38338, 0.43278, 3.28324
0.05821, 0.45471, 3.30528
-0.00894, 0.17417, 3.24209
-0.02896, -0.03792, 3.11718
-0.02987, -0.13149, 3.06593
0.43633, 0.16125, 3.20882
0.41640, -0.07799, 3.08190
0.41258, -0.17265, 3.04592
0.20932, 0.18618, 3.28287
0.20417, 0.12878, 3.22000
0.27489, 0.05287, 3.19249
0.12871, 0.06113, 3.20901
0.06313, -0.43765, 3.08768
0.09538, -0.79838, 3.27596
0.07253, -0.89751, 3.28751
0.24993, -0.49091, 3.15131
0.23926, -0.84162, 3.07824
0.24149, -0.90693, 2.99870
0.23771, 0.74315, 3.27278
0.21637, 0.55862, 3.27946
0.38422, 0.44071, 3.24124
0.05891, 0.46033, 3.28202
-0.00730, 0.19579, 3.21138
-0.02777, -0.02400, 3.09555
-0.02665, -0.11320, 3.03937
0.43409, 0.15981, 3.17657
0.41505, -0.07343, 3.06233
0.40901, -0.16635, 3.01619
0.21159, 0.19305, 3.24883
0.20484, 0.13579, 3.18586
0.27573, 0.06077, 3.15373
0.12902, 0.06674, 3.18083
0.07688, -0.44743, 3.04731
0.09059, -0.82025, 3.18883
0.04777, -0.90004, 3.17083
0.24936, -0.48740, 3.14177
0.23945, -0.84299, 3.07854
0.24252, -0.90568, 3.00471
0.23521, 0.74616, 3.25269
0.21743, 0.56343, 3.25985
0.38550, 0.44391, 3.22117
0.05725, 0.46498, 3.25029
-0.00647, 0.20525, 3.18348
-0.02600, -0.01716, 3.07685
-0.02178, -0.10240, 3.01348
0.43202, 0.16032, 3.15497
0.41456, -0.06766, 3.04501
0.40630, -0.16091, 2.99719
0.21195, 0.19823, 3.22492
0.20590, 0.14109, 3.16120
0.27669, 0.06460, 3.13556
0.13071, 0.07412, 3.14032
0.08652, -0.44530, 2.99755
0.10608, -0.83288, 3.09871
0.04232, -0.89222, 3.05639
0.24865, -0.48729, 3.13170
0.23961, -0.84403, 3.07898
0.24329, -0.90453, 3.00922
0.22981, 0.75095, 3.22631
0.22120, 0.57002, 3.23140
0.38699, 0.44742, 3.18979
0.05606, 0.46820, 3.22324
-0.00649, 0.20963, 3.15560
-0.02252, -0.01313, 3.05280
-0.01827, -0.09596, 2.98611
0.42814, 0.16366, 3.12874
0.41387, -0.06357, 3.02619
0.40359, -0.15560, 2.97385
0.21407, 0.20117, 3.19593
0.20754, 0.14325, 3.13209
0.27917, 0.06689, 3.09889
0.13155, 0.07610, 3.11978
0.09650, -0.44860, 2.97468
0.11306, -0.84388, 3.00228
0.04459, -0.88680, 2.93041
0.24525, -0.49258, 3.11631
0.23814, -0.84567, 3.07904
0.24376, -0.90428, 3.01138
0.22346, 0.75327, 3.18494
0.22255, 0.57476, 3.19806
0.38715, 0.44929, 3.16781
0.05451, 0.46970, 3.17712
-0.00800, 0.21150, 3.13164
-0.01536, -0.00810, 3.01587
-0.01085, -0.09227, 2.95698
0.42416, 0.17263, 3.09431
0.41265, -0.06159, 2.99816
0.40051, -0.15473, 2.95314
0.21388, 0.20224, 3.16817
0.20927, 0.14316, 3.10488
0.28066, 0.06746, 3.08097
0.13348, 0.07517, 3.08432
0.11113, -0.45690, 2.94796
0.10672, -0.83896, 2.89226
0.05545, -0.87929, 2.81139
0.24014, -0.49626, 3.09523
0.23732, -0.84703, 3.07880
0.21717, -0.89936, 2.98969
0.22267, 0.75091, 3.15045
0.22357, 0.57727, 3.18142
0.38638, 0.44959, 3.13855
0.05360, 0.47158, 3.15409
-0.01042, 0.21457, 3.10685
-0.01103, -0.00459, 2.99380
-0.00781, -0.08880, 2.93551
0.42391, 0.17532, 3.06897
0.41141, -0.05938, 2.97580
0.39788, -0.15216, 2.92963
0.21418, 0.20277, 3.13943
0.20953, 0.14433, 3.07267
0.28150, 0.06764, 3.04144
0.13302, 0.07653, 3.05740
0.10928, -0.46365, 2.89099
0.10142, -0.82030, 2.79475
0.07247, -0.86428, 2.72971
0.23612, -0.49699, 3.07183
0.23665, -0.84828, 3.07819
0.22562, -0.90348, 2.99598
0.21982, 0.74557, 3.12594
0.22180, 0.56479, 3.13666
0.38066, 0.44521, 3.09934
0.05112, 0.46671, 3.11944
-0.01413, 0.20406, 3.06369
-0.00334, -0.01580, 2.95735
-0.00212, -0.10243, 2.90560
0.42384, 0.17826, 3.05105
0.40669, -0.05905, 2.93909
0.39308, -0.15236, 2.89593
0.21435, 0.19291, 3.09852
0.21010, 0.13567, 3.03597
0.28197, 0.06305, 3.01426
0.13426, 0.06739, 3.02300
0.10592, -0.48648, 2.83803
0.09857, -0.81821, 2.68554
0.07371, -0.85720, 2.58880
0.22474, -0.49570, 3.02507
0.23636, -0.84894, 3.07776
0.23307, -0.90571, 3.00125
0.21677, 0.74219, 3.10184
0.22048, 0.55885, 3.10280
0.37494, 0.44098, 3.06876
0.04614, 0.45756, 3.08413
-0.01566, 0.19863, 3.04024
0.00174, -0.03697, 2.90889
0.00374, -0.12739, 2.85918
0.42172, 0.16747, 3.01073
0.40528, -0.06168, 2.91827
0.39138, -0.15585, 2.87447
0.21437, 0.18740, 3.07343
0.21068, 0.12916, 3.01053
0.28241, 0.05603, 2.98857
0.13545, 0.06112, 2.99987
0.10375, -0.51760, 2.78690
0.10186, -0.80763, 2.61305
0.07462, -0.84096, 2.50599
0.21952, -0.49665, 2.99636
0.23633, -0.84946, 3.07725
0.23819, -0.90753, 3.00272
0.21294, 0.73936, 3.07877
0.21753, 0.55498, 3.07826
0.36762, 0.43696, 3.04014
0.04139, 0.45244, 3.06078
-0.01496, 0.18982, 3.00319
0.00307, -0.05774, 2.87093
0.00578, -0.14305, 2.83136
0.42019, 0.16358, 2.97945
0.40380, -0.06568, 2.88646
0.39153, -0.16209, 2.84966
0.21258, 0.17943, 3.03943
0.20896, 0.12051, 2.97478
0.27979, 0.04568, 2.95196
0.13571, 0.05271, 2.95982
0.10695, -0.52655, 2.76346
0.10413, -0.80635, 2.51553
0.06843, -0.82380, 2.42858
0.19566, -0.49790, 2.91058
0.23691, -0.85037, 3.07584
0.24181, -0.90903, 3.00310
0.20315, 0.72919, 3.03446
0.20782, 0.54559, 3.03571
0.36335, 0.43294, 3.01178
0.03255, 0.44168, 3.02265
-0.01653, 0.17533, 2.95463
0.00379, -0.06669, 2.85258
0.00513, -0.15043, 2.81296
0.41944, 0.16118, 2.95937
0.40565, -0.07016, 2.85784
0.39269, -0.16889, 2.82508
0.20998, 0.17299, 3.00834
0.20774, 0.11353, 2.94482
0.27910, 0.03781, 2.92057
0.13573, 0.04512, 2.93092
0.11125, -0.53104, 2.71730
0.11481, -0.80034, 2.48430
0.07273, -0.80922, 2.37732
0.24876, -0.51817, 2.96631
0.23996, -0.85052, 3.07444
0.24498, -0.91038, 3.00188
0.19682, 0.72854, 3.00989
0.19866, 0.54428, 3.00610
0.35524, 0.42877, 2.96828
0.02438, 0.43282, 2.97903
-0.01765, 0.16831, 2.92697
0.00057, -0.07162, 2.83228
-0.00163, -0.15925, 2.77820
0.41734, 0.16639, 2.92829
0.40683, -0.07755, 2.82695
0.39489, -0.17951, 2.79210
0.20460, 0.16939, 2.97242
0.20361, 0.10950, 2.90825
0.27676, 0.03361, 2.88689
0.13244, 0.04086, 2.89347
0.13730, -0.48245, 2.72050
0.12016, -0.78834, 2.48047
0.07742, -0.80677, 2.37452
0.25688, -0.53778, 2.94923
0.24404, -0.85370, 3.07066
0.24984, -0.91220, 2.99554
0.18678, 0.73022, 2.96787
0.18692, 0.54613, 2.97832
0.35057, 0.42750, 2.94236
0.01996, 0.43020, 2.95307
-0.02159, 0.16569, 2.89393
-0.00796, -0.07357, 2.78690
-0.01038, -0.16844, 2.73351
0.41049, 0.16097, 2.87869
0.40606, -0.08119, 2.79761
0.39679, -0.18568, 2.76679
0.19713, 0.16731, 2.93380
0.19756, 0.10742, 2.86744
0.27149, 0.03302, 2.84180
0.12801, 0.03785, 2.85173
0.12783, -0.47919, 2.66174
0.12538, -0.78515, 2.45842
0.08519, -0.81002, 2.35317
0.27816, -0.50684, 2.93966
0.26084, -0.82278, 3.03761
0.25437, -0.91146, 2.98891
0.17704, 0.73561, 2.94156
0.17172, 0.55106, 2.94104
0.33816, 0.42952, 2.89570
0.01282, 0.42930, 2.92001
-0.03066, 0.16170, 2.84748
-0.01445, -0.07477, 2.75066
-0.01738, -0.16800, 2.69187
0.40518, 0.15937, 2.84946
0.40418, -0.08413, 2.76461
0.39886, -0.19067, 2.73236
0.18825, 0.17020, 2.89304
0.18827, 0.11056, 2.82667
0.26283, 0.03850, 2.79778
0.12028, 0.03989, 2.81545
0.11812, -0.44496, 2.62274
0.13233, -0.78618, 2.43402
0.09269, -0.81604, 2.35302
0.28869, -0.48427, 2.92599
0.26553, -0.81727, 3.02095
0.25788, -0.91224, 2.98466
0.16495, 0.74371, 2.91057
0.15914, 0.55689, 2.90560
0.32730, 0.43403, 2.86140
0.00078, 0.43203, 2.87511
-0.03476, 0.16108, 2.82129
-0.02652, -0.06178, 2.71161
-0.02382, -0.16298, 2.66222
0.39896, 0.16524, 2.80396
0.40514, -0.08072, 2.72919
0.39890, -0.18682, 2.69032
0.17903, 0.17358, 2.84732
0.18076, 0.11476, 2.77964
0.25595, 0.04492, 2.75139
0.11375, 0.04369, 2.76595
0.10789, -0.45316, 2.57878
0.13574, -0.78698, 2.43011
0.10013, -0.82182, 2.36088
0.28484, -0.48854, 2.88340
0.26615, -0.81004, 2.99790
0.26052, -0.91151, 2.98029
0.14911, 0.75202, 2.86984
0.15138, 0.56258, 2.88051
0.31536, 0.44011, 2.81457
-0.00715, 0.43691, 2.84588
-0.04567, 0.17407, 2.77939
-0.03823, -0.05489, 2.66329
-0.03313, -0.15172, 2.61528
0.39269, 0.16796, 2.77175
0.40311, -0.08005, 2.68152
0.39906, -0.18613, 2.66648
0.17219, 0.17853, 2.81425
0.17209, 0.12069, 2.74491
0.24757, 0.05122, 2.71706
0.10276, 0.05158, 2.72439
0.10478, -0.44995, 2.56037
0.13725, -0.78622, 2.43344
0.10484, -0.82654, 2.37269
0.27883, -0.48383, 2.82302
0.26793, -0.79163, 2.93630
0.25805, -0.84180, 2.85346
0.13880, 0.76539, 2.84102
0.14252, 0.57541, 2.83688
0.31047, 0.44550, 2.78653
-0.01606, 0.44730, 2.80064
-0.05399, 0.18554, 2.74834
-0.04484, -0.05071, 2.62514
-0.04001, -0.14267, 2.57039
0.38622, 0.17954, 2.74226
0.40153, -0.07510, 2.65134
0.40212, -0.17562, 2.62096
0.16417, 0.18946, 2.77035
0.16565, 0.13180, 2.70111
0.24303, 0.06020, 2.68424
0.09542, 0.06172, 2.67542
0.10313, -0.44660, 2.54818
0.13744, -0.78436, 2.43812
0.10763, -0.82958, 2.38049
0.27366, -0.47204, 2.75357
0.26898, -0.80322, 2.91567
0.26415, -0.84618, 2.82455
0.13227, 0.77308, 2.82325
0.13619, 0.58254, 2.80144
0.30401, 0.45718, 2.75573
-0.02231, 0.45902, 2.76703
-0.06214, 0.19687, 2.71205
-0.05173, -0.04807, 2.58711
-0.04538, -0.13625, 2.53602
0.37889, 0.19335, 2.70677
0.39813, -0.06234, 2.61435
0.39916, -0.15735, 2.58657
0.15897, 0.19957, 2.74111
0.16085, 0.14260, 2.67246
0.23575, 0.08107, 2.64163
0.09183, 0.06762, 2.65272
0.10271, -0.44326, 2.54068
0.13695, -0.78260, 2.44234
0.10930, -0.83142, 2.38512
0.27542, -0.46221, 2.68384
0.27073, -0.80731, 2.89244
0.26754, -0.83735, 2.78160
0.12453, 0.78602, 2.78297
0.13022, 0.59124, 2.76310
0.29917, 0.46813, 2.72834
-0.03035, 0.47176, 2.73630
-0.07427, 0.20655, 2.66558
-0.05727, -0.04541, 2.54956
-0.04904, -0.12932, 2.50738
0.37388, 0.20112, 2.67859
0.39032, -0.04048, 2.56834
0.39380, -0.13298, 2.53381
0.15209, 0.21359, 2.70839
0.15444, 0.15713, 2.64116
0.23128, 0.09268, 2.61777
0.08435, 0.08094, 2.61773
0.10317, -0.44021, 2.53509
0.13610, -0.78096, 2.44618
0.11034, -0.83261, 2.38833
0.27303, -0.44203, 2.60508
0.26815, -0.79656, 2.83534
0.26632, -0.81917, 2.72013
0.12182, 0.79561, 2.75942
0.12613, 0.59875, 2.73536
0.29553, 0.48119, 2.70171
-0.03489, 0.48223, 2.69239
-0.08147, 0.21412, 2.63629
-0.06081, -0.04294, 2.51718
-0.05226, -0.12356, 2.48736
0.36672, 0.20765, 2.63543
0.38330, -0.03245, 2.53130
0.38898, -0.12267, 2.50237
0.14743, 0.22340, 2.68276
0.15123, 0.16729, 2.61594
0.22822, 0.10537, 2.58917
0.08150, 0.08849, 2.59580
0.10420, -0.43739, 2.53033
0.13523, -0.77967, 2.44903
0.11099, -0.83347, 2.39058
0.26855, -0.42003, 2.53342
0.27500, -0.78329, 2.76331
0.29102, -0.84711, 2.73034
0.11752, 0.80504, 2.71724
0.12572, 0.60568, 2.70983
0.29145, 0.49200, 2.66683
-0.03648, 0.48795, 2.66701
-0.08895, 0.21781, 2.60028
-0.06366, -0.04133, 2.48495
-0.05690, -0.11598, 2.45381
0.36234, 0.21263, 2.61200
0.37062, -0.03806, 2.47971
0.37626, -0.11773, 2.45020
0.14394, 0.23080, 2.65524
0.14681, 0.17487, 2.58769
0.22339, 0.11376, 2.56184
0.07676, 0.09540, 2.56904
0.10526, -0.43478, 2.52584
0.13433, -0.77841, 2.45122
0.11138, -0.83402, 2.39222
0.26104, -0.39860, 2.46738
0.27833, -0.77103, 2.68087
0.30866, -0.84579, 2.66849
0.11535, 0.81487, 2.69012
0.12248, 0.61595, 2.67505
0.28857, 0.49880, 2.63915
-0.03842, 0.49346, 2.63678
-0.09316, 0.22046, 2.57558
-0.06469, -0.03855, 2.45964
-0.05816, -0.11077, 2.43005
0.35773, 0.21865, 2.58520
0.36322, -0.03511, 2.44567
0.36872, -0.11113, 2.40271
0.13845, 0.23791, 2.62596
0.14154, 0.18094, 2.55938
0.21792, 0.12008, 2.53473
0.07129, 0.10114, 2.54182
0.10655, -0.43277, 2.52135
0.13348, -0.77736, 2.45287
0.11160, -0.83434, 2.39345
0.25357, -0.38712, 2.41856
0.27541, -0.76275, 2.59316
0.30460, -0.83954, 2.57153
0.11305, 0.81986, 2.66196
0.12141, 0.62014, 2.64363
0.28596, 0.50277, 2.61552
-0.04115, 0.49699, 2.61103
-0.09692, 0.22011, 2.53553
-0.06514, -0.03635, 2.43163
-0.05883, -0.10846, 2.40563
0.35465, 0.22361, 2.56268
0.35662, -0.00336, 2.41803
0.36318, -0.09752, 2.37646
0.13410, 0.24321, 2.59879
0.13708, 0.18595, 2.53273
0.21396, 0.12410, 2.51101
0.06522, 0.10696, 2.51310
0.10693, -0.43105, 2.51660
0.13290, -0.77662, 2.45405
0.11169, -0.83447, 2.39438
0.22990, -0.38835, 2.37948
0.26182, -0.76101, 2.49429
0.28496, -0.83551, 2.45908
0.11095, 0.82201, 2.63012
0.12108, 0.62331, 2.61837
0.28415, 0.50392, 2.58563
-0.04360, 0.50057, 2.58495
-0.09887, 0.22421, 2.51236
-0.06610, -0.03282, 2.39805
-0.05984, -0.10492, 2.36934
0.35045, 0.22894, 2.52706
0.35247, -0.00736, 2.37955
0.35280, -0.10010, 2.33104
0.13105, 0.24587, 2.57328
0.13349, 0.18816, 2.50720
0.21044, 0.12513, 2.48449
0.06065, 0.10959, 2.48889
0.10653, -0.42985, 2.50911
0.13268, -0.77620, 2.45467
0.14360, -0.83733, 2.39248
0.22096, -0.38504, 2.33902
0.23086, -0.76360, 2.39806
0.26462, -0.83001, 2.35377
0.11167, 0.82783, 2.60404
0.11960, 0.62985, 2.58891
0.28342, 0.50488, 2.55767
-0.04599, 0.50580, 2.55014
-0.10120, 0.22912, 2.48751
-0.06595, -0.03027, 2.37300
-0.05832, -0.10172, 2.34076
0.34760, 0.23336, 2.50586
0.34898, -0.01103, 2.34944
0.34755, -0.09510, 2.30504
0.12723, 0.24876, 2.54356
0.12995, 0.18999, 2.47732
0.20729, 0.12550, 2.45785
0.05598, 0.11222, 2.45553
0.10507, -0.42970, 2.49972
0.13855, -0.77746, 2.43970
0.16708, -0.84061, 2.36750
0.21677, -0.38491, 2.30662
0.21982, -0.75644, 2.30087
0.23440, -0.82859, 2.24417
0.11305, 0.82725, 2.57675
0.11802, 0.63044, 2.56175
0.28170, 0.50339, 2.52388
-0.04770, 0.50845, 2.52512
-0.10591, 0.23427, 2.45135
-0.06604, -0.02832, 2.33665
-0.05695, -0.10081, 2.30781
0.34239, 0.23145, 2.46316
0.34504, -0.00256, 2.33203
0.34364, -0.09009, 2.28619
0.12451, 0.24785, 2.51320
0.12652, 0.18881, 2.44649
0.20368, 0.12224, 2.42783
0.05211, 0.11279, 2.42282
0.11498, -0.43365, 2.44510
0.13841, -0.77942, 2.43525
0.15160, -0.84117, 2.34149
0.21488, -0.41939, 2.26260
0.21822, -0.75582, 2.18348
0.22917, -0.82202, 2.10419
0.11592, 0.82541, 2.53483
0.11302, 0.62958, 2.52289
0.27995, 0.50175, 2.49431
-0.04655, 0.50823, 2.49391
-0.10796, 0.23607, 2.43179
-0.06535, -0.02742, 2.31143
-0.05561, -0.09775, 2.27163
0.33954, 0.23114, 2.44173
0.34247, 0.00482, 2.31840
0.33978, -0.08390, 2.26822
0.12166, 0.24399, 2.47935
0.12401, 0.18390, 2.41303
0.20073, 0.11851, 2.40009
0.05089, 0.10848, 2.38851
0.10557, -0.43373, 2.43484
0.13785, -0.78125, 2.43217
0.11525, -0.84645, 2.35764
0.21049, -0.42918, 2.24488
0.21592, -0.73717, 2.09803
0.22044, -0.79409, 2.00783
0.11908, 0.82279, 2.50558
0.11239, 0.62802, 2.49972
0.28082, 0.49726, 2.46403
-0.04653, 0.50670, 2.46564
-0.10767, 0.23557, 2.40073
-0.06321, -0.02632, 2.27891
-0.05464, -0.09782, 2.24311
0.33663, 0.22854, 2.39961
0.34052, 0.00793, 2.30279
0.33444, -0.08251, 2.24496
0.12107, 0.24043, 2.45298
0.12326, 0.18009, 2.38630
0.20000, 0.11346, 2.36673
0.05013, 0.10479, 2.36322
0.10921, -0.43182, 2.38265
0.13689, -0.78301, 2.43002
0.09547, -0.84924, 2.36776
0.20289, -0.43148, 2.21067
0.20680, -0.71262, 2.02720
0.21017, -0.76198, 1.93911
0.11982, 0.81833, 2.47019
0.11430, 0.62293, 2.46488
0.27917, 0.49376, 2.42941
-0.04618, 0.49961, 2.42743
-0.10733, 0.22962, 2.37108
-0.06277, -0.02547, 2.24676
-0.05257, -0.09621, 2.20616
0.33524, 0.22903, 2.37785
0.34055, 0.01424, 2.27855
0.33105, -0.08117, 2.22751
0.12144, 0.23484, 2.41634
0.12324, 0.17458, 2.34970
0.19930, 0.10932, 2.33256
0.05014, 0.09939, 2.32845
0.11080, -0.42933, 2.34040
0.13436, -0.78551, 2.42718
0.08509, -0.85230, 2.37259
0.19894, -0.41491, 2.18466
0.19608, -0.69093, 1.96392
0.19891, -0.73169, 1.86952
0.12135, 0.81467, 2.44686
0.11386, 0.61701, 2.43410
0.27995, 0.48876, 2.39446
-0.04618, 0.49369, 2.39787
-0.10649, 0.22348, 2.34226
-0.06344, -0.02698, 2.22000
-0.05173, -0.09810, 2.18175
0.33361, 0.22493, 2.33322
0.34157, 0.00913, 2.24464
0.32742, -0.09003, 2.19902
0.12037, 0.22957, 2.38345
0.12145, 0.16972, 2.31649
0.19667, 0.10387, 2.29425
0.04830, 0.09414, 2.29475
0.10991, -0.42443, 2.30816
0.13011, -0.78803, 2.42315
0.07966, -0.85386, 2.37385
0.19746, -0.38593, 2.14887
0.19184, -0.67901, 1.93818
0.19471, -0.72023, 1.84868
0.12337, 0.81054, 2.40192
0.11903, 0.61350, 2.39146
0.28378, 0.48795, 2.36186
-0.04334, 0.48999, 2.36268
-0.10368, 0.21908, 2.31324
-0.06483, -0.02874, 2.19482
-0.05212, -0.10079, 2.16193
0.33411, 0.22269, 2.30761
0.34062, 0.00758, 2.20403
0.32478, -0.09468, 2.16380
0.12191, 0.22986, 2.34774
0.12243, 0.17041, 2.28165
0.19772, 0.10347, 2.26227
0.04796, 0.09506, 2.26040
0.10799, -0.41753, 2.26118
0.12552, -0.79016, 2.41897
0.07603, -0.85512, 2.37416
0.19493, -0.36671, 2.11956
0.18693, -0.67051, 1.91729
0.19145, -0.71517, 1.84909
0.12440, 0.80580, 2.35592
0.12391, 0.61130, 2.35571
0.28814, 0.48831, 2.32130
-0.04079, 0.48924, 2.33242
-0.10007, 0.21692, 2.27863
-0.06582, -0.03129, 2.16894
-0.05499, -0.10401, 2.13378
0.33783, 0.21901, 2.26095
0.33810, 0.00051, 2.16247
0.32276, -0.10179, 2.11932
0.12455, 0.23193, 2.31266
0.12361, 0.17333, 2.24687
0.19856, 0.10635, 2.22243
0.04834, 0.09788, 2.22908
0.10538, -0.41097, 2.23344
0.11846, -0.79280, 2.40827
0.07385, -0.85845, 2.37224
0.19077, -0.34744, 2.07325
0.18318, -0.66467, 1.90165
0.18533, -0.71564, 1.84366
0.12736, 0.80387, 2.32897
0.12780, 0.60986, 2.31861
0.29228, 0.48878, 2.28307
-0.03752, 0.49003, 2.30125
-0.09708, 0.21796, 2.25072
-0.06736, -0.03195, 2.14582
-0.05709, -0.10614, 2.11684
0.33920, 0.21773, 2.22793
0.33969, -0.00052, 2.12054
0.32818, -0.10310, 2.07600
0.12676, 0.23421, 2.27453
0.12437, 0.17649, 2.20867
0.19889, 0.10849, 2.18715
0.04858, 0.10206, 2.18924
0.09563, -0.40430, 2.22093
0.11277, -0.79366, 2.39682
0.07208, -0.86145, 2.37278
0.19052, -0.33060, 2.03202
0.17988, -0.65816, 1.88382
0.18013, -0.70292, 1.82166
0.13584, 0.80491, 2.28323
0.13034, 0.61168, 2.29116
0.29604, 0.49023, 2.24897
-0.03494, 0.49305, 2.26628
-0.09173, 0.22147, 2.21352
-0.07195, -0.01128, 2.11639
-0.06179, -0.09122, 2.09535
0.34213, 0.22269, 2.19113
0.34162, 0.00538, 2.07956
0.33441, -0.09569, 2.03174
0.12852, 0.23880, 2.24005
0.12555, 0.18235, 2.17277
0.20020, 0.11397, 2.14746
0.04926, 0.10856, 2.15309
0.07595, -0.39161, 2.20355
0.10536, -0.78370, 2.37459
0.07172, -0.86161, 2.37347
0.19042, -0.32255, 2.01086
0.17823, -0.65509, 1.87748
0.17772, -0.69759, 1.81357
0.14048, 0.80890, 2.24554
0.13217, 0.61896, 2.25784
0.29743, 0.49687, 2.21041
-0.03132, 0.50107, 2.23280
-0.08742, 0.22780, 2.18505
-0.07663, 0.00296, 2.09492
-0.07021, -0.06939, 2.06159
0.34658, 0.22982, 2.15332
0.34337, 0.01283, 2.04116
0.33818, -0.08855, 1.99498
0.13099, 0.24681, 2.20084
0.12728, 0.19111, 2.13284
0.20085, 0.12306, 2.10746
0.05209, 0.11824, 2.11334
0.06147, -0.39382, 2.19038
0.10201, -0.78463, 2.36046
0.07103, -0.86299, 2.37422
0.19194, -0.32731, 1.97137
0.17749, -0.65444, 1.87594
0.17587, -0.69439, 1.80689
0.14527, 0.81478, 2.21039
0.13514, 0.62724, 2.21831
0.29995, 0.50481, 2.17996
-0.02718, 0.51247, 2.19953
-0.08252, 0.23775, 2.14430
-0.08031, 0.01290, 2.07260
-0.07715, -0.07197, 2.02123
0.35113, 0.23972, 2.11405
0.34704, 0.02540, 1.99623
0.34147, -0.07859, 1.95792
0.13237, 0.25631, 2.16493
0.12837, 0.20105, 2.09743
0.20146, 0.13267, 2.07012
0.05319, 0.12897, 2.07946
0.04101, -0.39065, 2.13741
0.09550, -0.76578, 2.32209
0.06661, -0.85215, 2.35433
0.19255, -0.32905, 1.95404
0.17696, -0.65573, 1.87544
0.17459, -0.69314, 1.80085
0.14898, 0.82134, 2.17934
0.13773, 0.63542, 2.18470
0.30338, 0.51411, 2.13983
-0.02161, 0.52304, 2.16324
-0.07916, 0.24427, 2.11925
-0.08380, 0.02664, 2.03296
-0.08242, -0.06859, 1.97480
0.35673, 0.25478, 2.08236
0.34879, 0.03646, 1.96113
0.34633, -0.06874, 1.92650
0.13427, 0.26363, 2.13019
0.12973, 0.20836, 2.06279
0.20206, 0.13961, 2.03230
0.05474, 0.13692, 2.04918
0.01777, -0.35764, 2.05705
0.07580, -0.72116, 2.25382
0.06470, -0.75559, 2.17890
0.19267, -0.33235, 1.94162
0.17657, -0.65812, 1.87549
0.17335, -0.69332, 1.79556
0.15108, 0.82851, 2.14021
0.14073, 0.64278, 2.15180
0.30452, 0.51951, 2.10818
-0.01781, 0.52890, 2.13387
-0.07600, 0.25344, 2.08794
-0.08417, 0.04026, 1.98680
-0.08466, -0.05956, 1.92433
0.36179, 0.26486, 2.04846
0.35144, 0.03186, 1.91619
0.34878, -0.06659, 1.89194
0.13556, 0.26800, 2.10032
0.13040, 0.21208, 2.03329
0.20179, 0.14253, 2.00428
0.05582, 0.14247, 2.01963
0.00148, -0.32495, 1.97585
0.05765, -0.68315, 2.17876
0.05571, -0.71829, 2.09360
0.19235, -0.33531, 1.93277
0.17627, -0.66107, 1.87524
0.17222, -0.69496, 1.79034
0.15094, 0.83360, 2.11326
0.14175, 0.64755, 2.12102
0.30810, 0.52496, 2.08185
-0.01657, 0.53275, 2.10721
-0.07402, 0.26127, 2.05888
-0.08182, 0.05058, 1.94514
-0.08154, -0.03906, 1.87823
0.36608, 0.27118, 2.02093
0.35242, 0.03438, 1.89180
0.35258, -0.06157, 1.84987
0.13650, 0.27345, 2.07191
0.13122, 0.21745, 2.00529
0.20271, 0.14646, 1.97529
0.05648, 0.14800, 1.99226
-0.00465, -0.29863, 1.90280
0.04450, -0.65909, 2.10314
0.04687, -0.68393, 1.99190
0.19168, -0.33873, 1.92447
0.17615, -0.66376, 1.87496
0.17153, -0.69680, 1.78621
0.14827, 0.83628, 2.07864
0.14356, 0.65053, 2.09633
0.30958, 0.52889, 2.04812
-0.01610, 0.53498, 2.08107
-0.07283, 0.26912, 2.03377
-0.07937, 0.06030, 1.91177
-0.07964, -0.02175, 1.85006
0.36984, 0.27381, 1.99143
0.35038, 0.03316, 1.85674
0.35352, -0.05678, 1.82489
0.13821, 0.27638, 2.04532
0.13212, 0.22035, 1.97858
0.20340, 0.14857, 1.94633
0.05715, 0.15102, 1.96746
0.00235, -0.30222, 1.86812
0.04152, -0.67476, 2.04369
0.01818, -0.76274, 2.01473
0.19096, -0.34151, 1.91600
0.17597, -0.66614, 1.87444
0.17048, -0.69883, 1.78263
0.14235, 0.83851, 2.04252
0.14587, 0.65333, 2.06799
0.30982, 0.53266, 2.02419
-0.01606, 0.53640, 2.05207
-0.07282, 0.27633, 2.00660
-0.07427, 0.06864, 1.87302
-0.07736, -0.00655, 1.81513
0.37249, 0.27521, 1.96216
0.35003, 0.03481, 1.83639
0.35217, -0.05171, 1.79708
0.13993, 0.27902, 2.01920
0.13378, 0.22269, 1.95272
0.20478, 0.15043, 1.92108
0.05886, 0.15367, 1.94167
0.01470, -0.31261, 1.82014
0.04607, -0.68041, 1.97207
0.00862, -0.74743, 1.93417
0.19047, -0.34366, 1.90848
0.17577, -0.66794, 1.87388
0.16989, -0.70044, 1.77988
0.13626, 0.84059, 2.00625
0.14616, 0.65673, 2.04013
0.30428, 0.54049, 1.98902
-0.01657, 0.53658, 2.02321
-0.07362, 0.28490, 1.97586
-0.06964, 0.07254, 1.83208
-0.07297, 0.00263, 1.77453
0.37461, 0.27440, 1.92965
0.34695, 0.03204, 1.79839
0.35095, -0.04849, 1.76862
0.14282, 0.28108, 1.98951
0.13623, 0.22433, 1.92280
0.20719, 0.15334, 1.89029
0.06195, 0.15549, 1.91380
0.02699, -0.31676, 1.78119
0.05434, -0.69099, 1.88972
-0.00373, -0.75317, 1.85812
0.19050, -0.34574, 1.90074
0.17459, -0.67128, 1.87305
0.18455, -0.73643, 1.81410
0.13228, 0.84101, 1.97688
0.14613, 0.66015, 2.00762
0.29910, 0.54451, 1.95894
-0.01683, 0.53665, 1.98883
-0.07349, 0.29118, 1.94691
-0.06592, 0.07477, 1.79834
-0.06575, 0.00615, 1.73805
0.37398, 0.27287, 1.90017
0.34537, 0.03415, 1.77763
0.34821, -0.04460, 1.74166
0.14538, 0.28132, 1.95766
0.13915, 0.22366, 1.89083
0.20996, 0.15436, 1.86096
0.06591, 0.15531, 1.88127
0.03976, -0.31040, 1.74009
0.06260, -0.68726, 1.79106
-0.00363, -0.75297, 1.77744
0.19127, -0.34790, 1.89325
0.17347, -0.67590, 1.87092
0.19792, -0.76087, 1.83442
0.12685, 0.83931, 1.94733
0.14547, 0.66144, 1.98140
0.29404, 0.54499, 1.92872
-0.01576, 0.53617, 1.95737
-0.07356, 0.29493, 1.91922
-0.06241, 0.07285, 1.76186
-0.06158, 0.00675, 1.70958
0.37217, 0.27029, 1.86900
0.34375, 0.03745, 1.75502
0.34521, -0.04167, 1.71560
0.14723, 0.28079, 1.93097
0.14139, 0.22264, 1.86404
0.21179, 0.15493, 1.83687
0.06969, 0.15518, 1.85228
0.04621, -0.30223, 1.71398
0.05046, -0.70899, 1.68574
0.01247, -0.76387, 1.63119
0.19265, -0.34966, 1.88622
0.17247, -0.67947, 1.86813
0.20346, -0.77090, 1.84357
0.12039, 0.83791, 1.92169
0.14405, 0.65990, 1.94843
0.28936, 0.54272, 1.89975
-0.01639, 0.53430, 1.92905
-0.07338, 0.29581, 1.88874
-0.06016, 0.07035, 1.73391
-0.05561, 0.00506, 1.67770
0.37069, 0.26682, 1.84213
0.34288, 0.03943, 1.73164
0.34134, -0.04023, 1.68982
0.14868, 0.27753, 1.89954
0.14330, 0.21881, 1.83282
0.21424, 0.15245, 1.80283
0.07219, 0.15206, 1.82401
0.05124, -0.29696, 1.69711
0.04031, -0.71564, 1.57278
0.02341, -0.76961, 1.48466
0.19844, -0.32058, 1.85973
0.17174, -0.68185, 1.86583
0.20632, -0.77661, 1.84844
0.11162, 0.82932, 1.87996
0.14296, 0.65397, 1.91105
0.28555, 0.53727, 1.86888
-0.01803, 0.52741, 1.89174
-0.07374, 0.29177, 1.85326
-0.05694, 0.06380, 1.69849
-0.04906, 0.00147, 1.64881
0.36846, 0.26045, 1.81079
0.34256, 0.03542, 1.69690
0.33697, -0.04163, 1.66068
0.14866, 0.27348, 1.86933
0.14398, 0.21453, 1.80359
0.21507, 0.14994, 1.77935
0.07331, 0.14722, 1.78890
0.05592, -0.29233, 1.67516
0.03051, -0.70880, 1.46802
0.02669, -0.76116, 1.35809
0.20114, -0.30592, 1.84532
0.17110, -0.68340, 1.86344
0.19118, -0.77675, 1.84134
0.10473, 0.81888, 1.83945
0.13991, 0.64838, 1.88255
0.27905, 0.52686, 1.83068
-0.02060, 0.52081, 1.85880
-0.07557, 0.28673, 1.81982
-0.05629, 0.05930, 1.67584
-0.04634, -0.00158, 1.62735
0.36569, 0.25571, 1.78643
0.34151, 0.03138, 1.67254
0.33253, -0.04591, 1.63317
0.14725, 0.26671, 1.83569
0.14297, 0.20777, 1.76923
0.21409, 0.14443, 1.74547
0.07319, 0.14115, 1.75583
0.05910, -0.28933, 1.63336
0.02515, -0.69877, 1.39264
0.02524, -0.74664, 1.26915
0.20395, -0.29430, 1.82277
0.17064, -0.68410, 1.86052
0.18481, -0.77622, 1.83825
0.09886, 0.81258, 1.80906
0.13391, 0.63815, 1.84174
0.27360, 0.51706, 1.79935
-0.02408, 0.51001, 1.81886
-0.07881, 0.27953, 1.78420
-0.05787, 0.05468, 1.65349
-0.04592, -0.00597, 1.60664
0.36151, 0.25223, 1.76019
0.33777, 0.02321, 1.64086
0.32900, -0.05353, 1.60550
0.14441, 0.25905, 1.80385
0.14142, 0.19992, 1.73851
0.21211, 0.13766, 1.71508
0.07291, 0.13380, 1.72711
0.06119, -0.29190, 1.61090
0.02267, -0.68256, 1.32916
0.02415, -0.72113, 1.19920
0.20574, -0.29114, 1.79251
0.17082, -0.68371, 1.85608
0.17649, -0.77229, 1.83096
0.09193, 0.80578, 1.77906
0.12959, 0.63150, 1.81239
0.26716, 0.50638, 1.76569
-0.02880, 0.50091, 1.78878
-0.08368, 0.26960, 1.74655
-0.06145, 0.05017, 1.63279
-0.04915, -0.01216, 1.58896
0.35616, 0.24579, 1.72405
0.33570, 0.01877, 1.61987
0.32729, -0.05906, 1.58324
0.14106, 0.25147, 1.77030
0.13827, 0.19228, 1.70462
0.20897, 0.13095, 1.68296
0.07009, 0.12504, 1.69004
0.06278, -0.29922, 1.57230
0.02090, -0.67659, 1.29231
0.02256, -0.71223, 1.16085
0.20842, -0.29172, 1.76681
0.17203, -0.68191, 1.84908
0.16727, -0.73307, 1.77340
0.08880, 0.80077, 1.74550
0.12001, 0.62491, 1.77439
0.25705, 0.49913, 1.73059
-0.03199, 0.49431, 1.74903
-0.08869, 0.26199, 1.71176
-0.07023, 0.04204, 1.59514
-0.06277, -0.02501, 1.55641
0.35059, 0.23988, 1.68990
0.33001, 0.00878, 1.58169
0.32608, -0.06655, 1.55558
0.13361, 0.24367, 1.72872
0.13204, 0.18442, 1.66256
0.20184, 0.12424, 1.64052
0.06627, 0.11993, 1.65306
0.05796, -0.30231, 1.52416
0.02223, -0.67405, 1.26693
0.02389, -0.70827, 1.13474
0.20870, -0.29508, 1.73489
0.17513, -0.67707, 1.83804
0.15595, -0.72635, 1.76503
0.08091, 0.79792, 1.72096
0.11027, 0.61830, 1.73642
0.25400, 0.49292, 1.70395
-0.03640, 0.49240, 1.72285
-0.09374, 0.25765, 1.67791
-0.07896, 0.03587, 1.55824
-0.07630, -0.04418, 1.50345
0.33876, 0.24934, 1.65521
0.32599, 0.00326, 1.55657
0.32430, -0.07130, 1.53307
0.12497, 0.24163, 1.69494
0.12394, 0.18307, 1.62923
0.19463, 0.12116, 1.60702
0.05492, 0.11933, 1.61227
0.04882, -0.29882, 1.46821
0.03590, -0.68068, 1.26232
0.04396, -0.72847, 1.15225
0.20471, -0.30112, 1.68842
0.18036, -0.66542, 1.81832
0.16390, -0.69530, 1.71999
0.02334, 0.75280, 1.70215
0.13595, 0.61925, 1.70113
0.23842, 0.49287, 1.65930
-0.04926, 0.49489, 1.69273
-0.10038, 0.25666, 1.64529
-0.09119, 0.03236, 1.51341
-0.09139, -0.04239, 1.46076
0.33004, 0.25445, 1.62695
0.32103, -0.00024, 1.52647
0.32065, -0.07491, 1.50595
0.12448, 0.24187, 1.66243
0.11850, 0.18432, 1.59437
0.18493, 0.12187, 1.56776
0.04677, 0.12115, 1.57824
0.04526, -0.29776, 1.43990
0.03808, -0.68089, 1.25030
0.04553, -0.72927, 1.13995
0.20024, -0.30200, 1.64819
0.18445, -0.64498, 1.78863
0.16821, -0.66722, 1.68120
-0.00173, 0.73172, 1.67661
0.14711, 0.62214, 1.68110
0.23221, 0.49765, 1.63546
-0.05803, 0.50275, 1.65640
-0.10928, 0.26205, 1.60995
-0.10022, 0.03339, 1.47858
-0.10466, -0.03443, 1.42418
0.32138, 0.26113, 1.59816
0.31588, -0.00163, 1.49629
0.31729, -0.07663, 1.47675
0.12338, 0.24766, 1.62846
0.11513, 0.19199, 1.55925
0.17951, 0.12619, 1.54209
0.04161, 0.13256, 1.53130
0.03591, -0.28677, 1.39513
0.03954, -0.68505, 1.25367
0.04432, -0.73872, 1.15533
0.19287, -0.29986, 1.59633
0.18601, -0.64992, 1.77039
0.22439, -0.61351, 1.74069
-0.06543, 0.71447, 1.63024
0.11424, 0.62631, 1.64180
0.22744, 0.51826, 1.60567
-0.07931, 0.52428, 1.62666
-0.11899, 0.27270, 1.57484
-0.11389, 0.05144, 1.45323
-0.11307, -0.02405, 1.39137
0.31038, 0.26810, 1.56123
0.31196, 0.00033, 1.46436
0.31554, -0.07505, 1.44470
0.10984, 0.26326, 1.58993
0.10598, 0.20735, 1.52532
0.17352, 0.13773, 1.51182
0.03654, 0.14169, 1.50242
0.02687, -0.27768, 1.36772
0.04251, -0.68764, 1.26669
0.04447, -0.74348, 1.17635
0.18930, -0.31333, 1.55931
0.18656, -0.63512, 1.72883
0.19606, -0.63543, 1.65046
-0.09403, 0.70646, 1.59539
0.08903, 0.62631, 1.60034
0.22700, 0.53184, 1.58395
-0.09397, 0.53211, 1.58568
-0.13037, 0.28728, 1.54019
-0.12595, 0.07020, 1.42676
-0.11818, -0.00641, 1.36733
0.30065, 0.27760, 1.52975
0.30918, 0.00402, 1.42450
0.31444, -0.07208, 1.40621
0.10002, 0.27471, 1.56074
0.09963, 0.22173, 1.49532
0.16987, 0.15366, 1.47461
0.03223, 0.15151, 1.47481
0.02203, -0.27287, 1.35298
0.04379, -0.68803, 1.27204
0.04536, -0.74494, 1.18364
0.19071, -0.31583, 1.50147
0.18646, -0.61438, 1.67346
0.19690, -0.62381, 1.58923
-0.13353, 0.68690, 1.52203
0.05011, 0.60666, 1.53498
0.21620, 0.53279, 1.53681
-0.10464, 0.53512, 1.55791
-0.14016, 0.29507, 1.50775
-0.13849, 0.08157, 1.39982
-0.12276, 0.00300, 1.33319
0.29164, 0.28349, 1.49729
0.30493, 0.00924, 1.38544
0.31344, -0.06754, 1.36984
0.08364, 0.27882, 1.51128
0.08585, 0.22884, 1.44880
0.16395, 0.16052, 1.43502
0.02088, 0.15673, 1.42942
0.01823, -0.27115, 1.34180
0.04485, -0.68998, 1.27929
0.04465, -0.74743, 1.19146
0.19284, -0.30839, 1.43054
0.18455, -0.58721, 1.61069
0.18360, -0.61395, 1.51662
-0.20081, 0.67175, 1.46718
-0.02257, 0.58719, 1.48602
0.20632, 0.53300, 1.49840
-0.11858, 0.53014, 1.51654
-0.14949, 0.29747, 1.47633
-0.13656, 0.06250, 1.33827
-0.12024, -0.01248, 1.29038
0.28429, 0.28498, 1.46478
0.29777, 0.01867, 1.34198
0.30594, -0.05573, 1.31839
0.06233, 0.27348, 1.47364
0.07537, 0.22657, 1.41839
0.16145, 0.16104, 1.41037
0.01553, 0.15343, 1.39812
0.01467, -0.27341, 1.33371
0.04668, -0.69316, 1.28498
0.04566, -0.75049, 1.19687
0.19195, -0.29183, 1.35753
0.18101, -0.55862, 1.54654
0.17492, -0.59580, 1.44743
-0.23103, 0.65781, 1.42494
-0.06597, 0.56371, 1.43515
0.19102, 0.52680, 1.45575
-0.14505, 0.48676, 1.47561
-0.16043, 0.25730, 1.43547
-0.13119, 0.04414, 1.29033
-0.12366, -0.02577, 1.25827
0.27934, 0.28317, 1.43471
0.29239, 0.02400, 1.30628
0.30108, -0.04903, 1.27761
0.04821, 0.26150, 1.43695
0.06513, 0.21276, 1.38043
0.16389, 0.15096, 1.37913
0.00772, 0.13256, 1.35477
0.01097, -0.29455, 1.32729
0.05058, -0.70228, 1.28951
0.04857, -0.75910, 1.20052
0.18506, -0.28951, 1.30719
0.17193, -0.53078, 1.47750
0.16165, -0.57287, 1.37743
-0.24598, 0.64495, 1.39034
-0.07933, 0.54302, 1.39664
0.18425, 0.52066, 1.43108
-0.18805, 0.41528, 1.44066
-0.14658, 0.19352, 1.39586
-0.13135, 0.00678, 1.23261
-0.12686, -0.05673, 1.21857
0.27685, 0.27858, 1.40310
0.28649, 0.02874, 1.26976
0.30098, -0.04367, 1.24391
0.04097, 0.25698, 1.41449
0.05974, 0.20807, 1.35843
0.17013, 0.14345, 1.35250
0.00136, 0.11807, 1.32871
0.00792, -0.30990, 1.32237
0.06151, -0.71349, 1.29960
0.05996, -0.76992, 1.21007
0.17164, -0.28747, 1.25566
0.17014, -0.52992, 1.39546
0.15913, -0.57239, 1.30210
-0.25688, 0.63617, 1.36749
-0.09467, 0.53274, 1.37353
0.18315, 0.50073, 1.40152
-0.21173, 0.37123, 1.41763
-0.14161, 0.15470, 1.35371
-0.13262, -0.02686, 1.19597
-0.13114, -0.08091, 1.18680
0.27471, 0.27090, 1.36849
0.28180, 0.03541, 1.24113
0.30051, -0.03477, 1.21214
0.03470, 0.24961, 1.39105
0.05396, 0.20074, 1.33434
0.17557, 0.13345, 1.32721
-0.00627, 0.10221, 1.30092
0.00654, -0.32317, 1.32021
0.07291, -0.72372, 1.29666
0.07252, -0.77967, 1.20384
0.15873, -0.29036, 1.21191
0.15121, -0.58567, 1.39248
0.14317, -0.60227, 1.30364
-0.24881, 0.60493, 1.32106
-0.08673, 0.49859, 1.32883
0.18145, 0.48310, 1.37593
-0.22225, 0.35144, 1.39849
-0.13855, 0.13600, 1.32356
-0.13612, -0.04251, 1.17237
-0.13763, -0.09839, 1.16406
0.27339, 0.26469, 1.33909
0.27044, 0.03577, 1.19736
0.28637, -0.03531, 1.17038
0.03194, 0.23313, 1.35463
0.04995, 0.18828, 1.30467
0.17844, 0.11818, 1.29870
-0.01132, 0.08921, 1.27881
0.00601, -0.33396, 1.31876
0.10201, -0.73319, 1.26998
0.11041, -0.78391, 1.16491
0.14718, -0.29879, 1.16172
0.14317, -0.60161, 1.26202
0.11220, -0.53691, 1.25826
-0.24343, 0.58803, 1.29460
-0.07761, 0.47960, 1.30302
0.17598, 0.47088, 1.34868
-0.20021, 0.34441, 1.35303
-0.15401, 0.12267, 1.31193
-0.13758, -0.04714, 1.15215
-0.13925, -0.10583, 1.14155
0.27221, 0.25849, 1.30871
0.26339, 0.03369, 1.16933
0.28080, -0.03581, 1.15009
0.02748, 0.20950, 1.31874
0.04329, 0.16435, 1.26513
0.16724, 0.09620, 1.25788
-0.01911, 0.07123, 1.24826
0.00672, -0.34431, 1.31765
0.13313, -0.72545, 1.18128
0.14178, -0.75387, 1.06764
0.14227, -0.31424, 1.13237
0.13705, -0.69323, 1.08020
0.12605, -0.72521, 1.00656
-0.24859, 0.58180, 1.27892
-0.08851, 0.47743, 1.28925
0.17733, 0.45284, 1.32159
-0.18953, 0.33980, 1.32342
-0.16525, 0.11462, 1.29294
-0.14057, -0.04860, 1.13036
-0.14243, -0.11193, 1.12037
0.27330, 0.24702, 1.27778
0.26066, 0.03263, 1.14530
0.27826, -0.03716, 1.12241
0.02279, 0.19944, 1.30090
0.03854, 0.15264, 1.24491
0.16199, 0.08549, 1.23674
-0.02579, 0.06004, 1.22575
0.00725, -0.35444, 1.30955
0.21000, -0.71170, 1.23732
0.22164, -0.73993, 1.14223
0.13778, -0.34622, 1.10457
0.12877, -0.76148, 0.95799
0.11693, -0.77743, 0.89022
-0.25225, 0.57705, 1.26546
-0.09364, 0.47419, 1.27650
0.17461, 0.44443, 1.29893
-0.18107, 0.33922, 1.29879
-0.17516, 0.11118, 1.27709
-0.14512, -0.04473, 1.10462
-0.14718, -0.11290, 1.09131
0.27032, 0.24203, 1.25010
0.25843, 0.03728, 1.12563
0.27343, -0.03227, 1.10000
0.01739, 0.19019, 1.28167
0.03363, 0.14249, 1.22396
0.15600, 0.07754, 1.21604
-0.03056, 0.05208, 1.20512
0.00743, -0.36034, 1.30410
0.25746, -0.69418, 1.20952
0.26161, -0.71899, 1.10799
0.13232, -0.35797, 1.08420
0.27931, -0.60131, 0.88863
0.22214, -0.53873, 0.93326
-0.25101, 0.56805, 1.23915
-0.09066, 0.46567, 1.24507
0.18067, 0.41404, 1.26193
-0.17612, 0.33851, 1.27699
-0.18161, 0.11293, 1.22827
-0.14956, -0.05070, 1.08287
-0.15066, -0.12320, 1.06473
0.27692, 0.21337, 1.21605
0.25092, 0.02476, 1.08638
0.26354, -0.03962, 1.06914
0.01148, 0.18257, 1.25547
0.02724, 0.13471, 1.19803
0.14949, 0.06967, 1.19343
-0.04313, 0.04562, 1.16624
0.00641, -0.36293, 1.29412
0.26184, -0.69156, 1.18278
0.26366, -0.71443, 1.07825
0.12008, -0.39517, 1.04547
0.21603, -0.18762, 1.03211
0.17801, -0.28834, 1.00017
-0.24925, 0.56051, 1.21643
-0.08804, 0.45920, 1.22218
0.18371, 0.39810, 1.23895
-0.17425, 0.33470, 1.25289
-0.18445, 0.10876, 1.19749
-0.15388, -0.05474, 1.05390
-0.15220, -0.12858, 1.02421
0.27665, 0.19399, 1.18297
0.24311, 0.01120, 1.05246
0.25422, -0.05008, 1.04122
0.00550, 0.17695, 1.22912
0.02060, 0.13040, 1.17192
0.13877, 0.06312, 1.15879
-0.04933, 0.04270, 1.14653
0.00346, -0.36391, 1.27814
0.24350, -0.55715, 1.02902
0.24289, -0.58921, 0.93612
0.10571, -0.41731, 1.01616
0.28695, -0.13708, 0.94701
0.21352, -0.22261, 0.95295
-0.24651, 0.55012, 1.18612
-0.08420, 0.44822, 1.18888
0.18635, 0.38324, 1.20977
-0.17426, 0.33100, 1.22908
-0.18367, 0.10581, 1.16009
-0.15856, -0.06231, 1.02772
-0.15558, -0.13682, 0.99700
0.26725, 0.16437, 1.13328
0.23594, -0.02478, 1.01508
0.23288, -0.10585, 0.98976
0.00027, 0.17314, 1.20258
0.01399, 0.12770, 1.14633
0.13120, 0.06010, 1.13583
-0.05632, 0.03948, 1.12250
-0.00285, -0.36466, 1.25607
0.08676, -0.62049, 1.22207
0.06491, -0.53696, 1.18380
0.09646, -0.42920, 0.99496
0.28534, -0.09905, 0.97825
0.21029, -0.17862, 0.96537
-0.24665, 0.54253, 1.16270
-0.08495, 0.44157, 1.16762
0.18732, 0.37247, 1.18204
-0.17528, 0.29951, 1.18316
-0.17954, 0.07432, 1.12959
-0.16824, -0.05268, 0.95037
-0.16576, -0.12677, 0.91989
0.26076, 0.15075, 1.10506
0.22939, -0.04083, 0.99064
0.23340, -0.11621, 0.98266
-0.00606, 0.16895, 1.17526
0.00739, 0.12544, 1.11877
0.12430, 0.05858, 1.10272
-0.06271, 0.03585, 1.09954
-0.00976, -0.36706, 1.22858
0.04856, -0.61066, 1.22454
0.02372, -0.49877, 1.19926
0.08721, -0.43651, 0.97115
0.27342, -0.09447, 0.96985
0.19707, -0.17665, 0.95938
-0.25208, 0.53312, 1.13618
-0.09387, 0.43167, 1.14081
0.18868, 0.36228, 1.15057
-0.17243, 0.27875, 1.15133
-0.18003, 0.05488, 1.09655
-0.15994, -0.05538, 0.88928
-0.15963, -0.12800, 0.87271
0.25677, 0.14358, 1.07716
0.22535, -0.05322, 0.97013
0.25829, -0.10921, 0.96804
-0.01267, 0.15979, 1.13951
0.00051, 0.11786, 1.08158
0.11947, 0.05285, 1.06508
-0.06911, 0.02863, 1.06415
-0.01452, -0.36984, 1.20869
-0.00378, -0.69759, 1.29608
0.00157, -0.73400, 1.23433
0.07538, -0.44053, 0.92991
0.26806, -0.10821, 0.93814
0.18692, -0.18796, 0.92569
-0.28836, 0.52974, 1.13020
-0.14218, 0.43154, 1.14682
0.18954, 0.35209, 1.11677
-0.16870, 0.26181, 1.11934
-0.17449, 0.04075, 1.04271
-0.15403, -0.11382, 0.88155
-0.17965, -0.16777, 0.90963
0.25499, 0.13769, 1.03649
0.22575, -0.06326, 0.93369
0.28463, -0.09376, 0.94280
-0.01850, 0.15178, 1.11955
-0.00457, 0.11055, 1.05655
0.11808, 0.04746, 1.03091
-0.07227, 0.02089, 1.02239
-0.02135, -0.37335, 1.18288
-0.03041, -0.74527, 1.31903
-0.04324, -0.77802, 1.25353
0.06882, -0.44289, 0.89418
0.25583, -0.11549, 0.91095
0.17211, -0.20918, 0.89178
-0.30796, 0.52631, 1.12368
-0.16628, 0.42885, 1.14437
0.19204, 0.34192, 1.08300
-0.16448, 0.25085, 1.09324
-0.16838, 0.01181, 0.98856
-0.24267, 0.16791, 1.05307
-0.26684, 0.19098, 1.07110
0.25671, 0.13184, 1.00777
0.22824, -0.06677, 0.88921
0.25570, -0.10863, 0.87509
-0.02960, 0.14171, 1.08573
-0.01298, 0.10490, 1.01761
0.11615, 0.04769, 0.98422
-0.07813, 0.01912, 0.98426
-0.03056, -0.37531, 1.14598
0.01407, -0.69424, 1.22229
0.00234, -0.61404, 1.17400
0.05999, -0.44126, 0.85726
0.23206, -0.14870, 0.87192
0.15321, -0.23366, 0.85389
-0.32174, 0.52068, 1.11193
-0.17963, 0.42250, 1.13207
0.19042, 0.29834, 1.02371
-0.16209, 0.24289, 1.07339
-0.16485, -0.00265, 0.96160
-0.25138, 0.18448, 1.04309
-0.28887, 0.25704, 1.09012
0.27495, 0.09767, 0.95747
0.20656, -0.08677, 0.83728
0.19588, -0.13620, 0.80718
-0.04462, 0.14049, 1.05165
-0.03091, 0.10990, 0.97886
0.10685, 0.05070, 0.95234
-0.10233, 0.03620, 0.93826
-0.04105, -0.36011, 1.09458
-0.00449, -0.72296, 1.22622
-0.01500, -0.74040, 1.14848
0.05215, -0.43554, 0.81928
0.21185, -0.16157, 0.84304
0.13623, -0.24418, 0.82293
-0.32999, 0.51256, 1.09613
-0.18260, 0.41015, 1.10829
0.19076, 0.28717, 0.99407
-0.17637, 0.18469, 1.03310
-0.15894, -0.03860, 0.91009
-0.25379, 0.21042, 1.04419
-0.27308, 0.27907, 1.07022
0.24623, 0.04806, 0.87610
0.21070, -0.15561, 0.80113
0.21877, -0.20517, 0.75619
-0.06462, 0.15731, 1.01590
-0.05725, 0.13811, 0.94508
0.08327, 0.08470, 0.91494
-0.13142, 0.05232, 0.89212
-0.04701, -0.34351, 1.05085
0.01436, -0.71726, 1.18919
0.00463, -0.76379, 1.10041
-0.00719, -0.39410, 0.78132
-0.07181, -0.63606, 0.70044
-0.09620, -0.67040, 0.62184
-0.32989, 0.49688, 1.06540
-0.17251, 0.39104, 1.06987
0.17999, 0.30134, 0.95223
-0.18326, 0.14599, 0.99701
-0.14589, -0.04913, 0.85068
-0.23730, 0.21650, 0.99984
-0.25535, 0.28605, 1.02630
0.23415, 0.07409, 0.84019
0.29057, 0.23427, 0.97056
0.31177, 0.29025, 1.01399
-0.05319, 0.19309, 0.99249
-0.04798, 0.18388, 0.92701
0.09655, 0.15090, 0.86672
-0.09634, 0.08431, 0.91187
-0.06706, -0.33073, 1.01906
-0.05504, -0.72200, 1.11574
-0.07428, -0.78757, 1.02363
0.03174, -0.33465, 0.75435
-0.00496, -0.69787, 0.66781
-0.02990, -0.72911, 0.57543
-0.32963, 0.31979, 1.02281
-0.15607, 0.33971, 1.03122
0.17856, 0.28821, 0.92918
0.00817, 0.29148, 0.89271
-0.14971, 0.05396, 0.85850
0.01875, 0.27445, 0.85710
0.05472, 0.35019, 0.86607
0.23145, 0.05179, 0.80781
0.25276, 0.27455, 0.93751
0.24762, 0.36227, 0.97840
-0.12675, 0.18352, 1.00566
-0.10847, 0.17896, 0.95407
-0.06012, 0.07452, 0.85438
-0.14390, 0.12503, 1.00568
-0.10033, -0.30701, 1.01961
-0.04521, -0.63298, 1.03003
-0.04144, -0.55476, 0.96138
0.00666, -0.37373, 0.73604
-0.25608, -0.53371, 0.83569
-0.19081, -0.54982, 0.74719
-0.25710, 0.34601, 1.07674
-0.17165, 0.24292, 0.96078
0.15165, 0.20197, 0.86352
0.01090, 0.22947, 0.80254
-0.16867, 0.01117, 0.79397
-0.06872, 0.28193, 0.83355
-0.00076, 0.39223, 0.84767
0.20755, -0.02994, 0.74840
0.24170, 0.24580, 0.87587
0.25165, 0.33731, 0.91558
-0.15101, 0.14828, 0.74387
-0.12280, 0.18632, 0.69700
-0.07499, 0.15914, 0.61395
-0.14378, 0.17922, 0.65153
-0.13350, -0.15710, 1.02296
-0.03700, -0.43618, 0.97732
-0.04536, -0.37287, 0.89348
-0.14113, -0.14947, 0.83964
-0.53372, -0.17971, 0.93238
-0.51353, -0.26689, 0.90830
-0.07596, 0.08628, 0.43337
0.00000, 0.00000, 0.00000
-0.19466, 0.25711, 0.97820
-0.19821, 0.26798, 0.96968
-0.36272, 0.03421, 0.93244
-0.16501, 0.24571, 0.88897
-0.12743, 0.24413, 0.83607
-0.10264, 0.01786, 0.85284
-0.13284, 0.28363, 0.89941
-0.10693, 0.38704, 0.91772
0.00000, 0.00000, 0.00000
0.00000, 0.00000, 0.00000
0.00000, 0.00000, 0.00000
0.00000, 0.00000, 0.00000
-0.07165, 0.19706, 0.62931
0.02802, -0.10402, 0.62007
-0.02004, -0.05343, 0.68819
0.10745, 0.14650, 0.62021
-0.18992, 0.06422, 0.73459
-0.16911, 0.15120, 0.79412
-0.03873, 0.04449, 0.33853
0.00000, 0.00000, 0.00000
-0.24825, 0.24124, 0.95701
-0.20625, 0.27327, 0.94754
-0.43079, 0.04276, 0.95390
-0.17157, 0.24425, 0.86696
-0.09910, 0.29119, 0.83600
-0.19059, 0.01082, 0.84806
-0.19370, 0.30087, 0.87534
-0.20103, 0.37330, 0.88010
0.00000, 0.00000, 0.00000
0.00000, 0.00000, 0.00000
0.00000, 0.00000, 0.00000
0.00000, 0.00000, 0.00000
-0.12283, 0.22572, 0.58397
-0.00098, -0.02318, 0.51352
-0.03809, 0.06129, 0.59061
0.00000, 0.00000, 0.00000
-0.17494, 0.13927, 0.46362
-0.15712, 0.16628, 0.54100
-0.03887, 0.06104, 0.32070
0.00000, 0.00000, 0.00000
0.00000, 0.00000, 0.00000
0.00000, 0.00000, 0.00000
-0.11859, 0.07118, 0.38607
-0.10678, 0.19553, 0.61883
-0.09258, 0.24211, 0.70485
-0.07121, 0.08360, 0.35455
-0.15662, 0.27787, 0.60304
-0.17549, 0.34541, 0.67381
0.00000, 0.00000, 0.00000
0.00000, 0.00000, 0.00000
0.00000, 0.00000, 0.00000
0.00000, 0.00000, 0.00000
-0.12808, 0.22289, 0.56685
-0.00904, -0.02403, 0.50126
-0.04438, 0.06437, 0.58212
0.00000, 0.00000, 0.00000
-0.15215, 0.18366, 0.40253
-0.15826, 0.22311, 0.52167
