0.17797, 0.71375, 3.81070
0.17998, 0.48755, 3.83197
0.33265, 0.39288, 3.78537
0.01865, 0.39786, 3.81920
-0.03529, 0.15854, 3.75526
0.01650, -0.12369, 3.59851
0.03376, -0.21777, 3.55077
0.40866, 0.09409, 3.73072
0.44398, -0.19284, 3.63370
0.42380, -0.23441, 3.61060
0.20558, 0.13031, 3.78614
0.20478, 0.07563, 3.72281
0.27951, 0.00672, 3.69743
0.13821, 0.00896, 3.70781
0.13037, -0.52498, 3.56981
0.14853, -0.86780, 3.45759
0.14033, -0.92726, 3.37268
0.29721, -0.55430, 3.76758
0.13456, -0.87821, 3.44103
0.12570, -0.91261, 3.34097
0.16484, 0.71761, 3.80006
0.17633, 0.49517, 3.81345
0.33441, 0.39243, 3.77277
0.01550, 0.39792, 3.80817
-0.03727, 0.13891, 3.72627
-0.01513, -0.10969, 3.60412
-0.00484, -0.18276, 3.54750
0.40979, 0.09355, 3.72713
0.45078, -0.16015, 3.64650
0.43806, -0.22125, 3.60879
0.20044, 0.13162, 3.76789
0.19909, 0.07547, 3.70429
0.27558, 0.00532, 3.68429
0.12947, 0.00735, 3.68216
0.13128, -0.52426, 3.57057
0.14571, -0.85131, 3.46487
0.13760, -0.92607, 3.37102
0.27678, -0.55585, 3.70626
0.14258, -0.87648, 3.44394
0.12695, -0.92545, 3.34734
0.16208, 0.71443, 3.78908
0.16534, 0.49998, 3.76583
0.32860, 0.39470, 3.73908
0.00758, 0.40216, 3.75808
-0.04391, 0.13604, 3.68484
-0.03978, -0.08712, 3.57511
-0.03320, -0.16937, 3.52653
0.40324, 0.09906, 3.69226
0.42763, -0.13056, 3.59878
0.43016, -0.21580, 3.56136
0.18800, 0.12551, 3.71923
0.18929, 0.06736, 3.65524
0.26575, -0.00292, 3.63326
0.11961, -0.00192, 3.63461
0.13577, -0.52641, 3.56791
0.14737, -0.85180, 3.46425
0.13715, -0.92587, 3.37074
0.28741, -0.53587, 3.62595
0.14542, -0.87646, 3.44382
0.12778, -0.92893, 3.34984
0.14752, 0.70571, 3.75360
0.15727, 0.50445, 3.73495
0.32332, 0.40124, 3.71149
-0.00016, 0.40619, 3.71328
-0.05260, 0.15169, 3.64557
-0.05238, -0.07217, 3.53826
-0.04885, -0.16222, 3.50424
0.38803, 0.10576, 3.64516
0.41717, -0.15685, 3.52760
0.41870, -0.22443, 3.47616
0.17668, 0.12987, 3.67923
0.17979, 0.07315, 3.61398
0.25640, 0.00380, 3.59022
0.11039, 0.00316, 3.59423
0.13977, -0.52875, 3.56398
0.14980, -0.85415, 3.46195
0.13681, -0.92572, 3.37053
0.28496, -0.51690, 3.54916
0.26632, -0.88500, 3.68551
0.22047, -0.90565, 3.57110
0.14208, 0.69701, 3.70699
0.15450, 0.50982, 3.71640
0.31591, 0.40151, 3.66659
-0.00323, 0.41186, 3.67143
-0.06393, 0.17010, 3.59423
-0.05789, -0.06607, 3.50698
-0.05974, -0.15293, 3.45876
0.38061, 0.10988, 3.60981
0.40894, -0.16771, 3.48665
0.41124, -0.22392, 3.42368
0.16893, 0.13752, 3.65242
0.17051, 0.08288, 3.58442
0.24523, 0.01342, 3.56014
0.09855, 0.01882, 3.55820
0.14281, -0.53009, 3.55774
0.15185, -0.85730, 3.45841
0.13656, -0.92562, 3.37037
0.28625, -0.50126, 3.48805
0.30226, -0.88371, 3.71881
0.24668, -0.90175, 3.60772
0.14055, 0.70589, 3.67846
0.14869, 0.52524, 3.68378
0.31281, 0.40575, 3.64535
-0.00621, 0.41549, 3.64598
-0.07188, 0.16689, 3.54915
-0.06192, -0.06572, 3.47693
-0.06165, -0.15348, 3.42681
0.37582, 0.12139, 3.58543
0.40596, -0.17162, 3.46674
0.39685, -0.21011, 3.39055
0.16352, 0.14530, 3.62658
0.16582, 0.08942, 3.55938
0.24038, 0.02002, 3.53662
0.09426, 0.02443, 3.53551
0.14399, -0.52987, 3.53799
0.15332, -0.85998, 3.45564
0.13638, -0.92557, 3.37019
0.28511, -0.49191, 3.44011
0.31409, -0.85443, 3.66717
0.31263, -0.93911, 3.61458
0.13972, 0.70914, 3.66377
0.14472, 0.53133, 3.66150
0.31104, 0.40909, 3.62888
-0.01242, 0.41999, 3.62190
-0.07504, 0.16718, 3.53110
-0.06401, -0.06941, 3.44499
-0.06069, -0.15701, 3.40232
0.37266, 0.12866, 3.56830
0.40367, -0.17398, 3.44633
0.39164, -0.20879, 3.37309
0.15765, 0.15269, 3.59906
0.16102, 0.09730, 3.53150
0.23679, 0.02617, 3.51072
0.08858, 0.03165, 3.50401
0.14222, -0.53012, 3.52075
0.15445, -0.86195, 3.45341
0.13631, -0.92556, 3.37009
0.27753, -0.49263, 3.40722
0.31238, -0.87416, 3.57131
0.34014, -0.95455, 3.54631
0.13844, 0.71195, 3.64650
0.14052, 0.53034, 3.61900
0.30861, 0.40741, 3.58603
-0.02160, 0.41860, 3.58812
-0.07727, 0.16735, 3.51851
-0.06370, -0.07251, 3.42247
-0.05790, -0.16109, 3.38643
0.37082, 0.13244, 3.54947
0.40487, -0.13002, 3.41996
0.39091, -0.20061, 3.35983
0.15462, 0.15456, 3.57651
0.15793, 0.09837, 3.51065
0.23468, 0.02638, 3.49232
0.08523, 0.03173, 3.48397
0.13770, -0.53036, 3.50319
0.16803, -0.86972, 3.44657
0.13633, -0.92574, 3.36988
0.26741, -0.49665, 3.37784
0.27278, -0.87207, 3.47931
0.33043, -0.93647, 3.44892
0.13686, 0.71886, 3.61347
0.13811, 0.53202, 3.60236
0.30653, 0.40750, 3.56618
-0.02576, 0.41984, 3.57275
-0.08160, 0.17565, 3.50396
-0.06259, -0.07580, 3.40513
-0.05439, -0.16509, 3.37293
0.36923, 0.13430, 3.53215
0.39872, -0.09739, 3.40450
0.39107, -0.19428, 3.35323
0.15110, 0.15746, 3.56037
0.15396, 0.10098, 3.49470
0.23007, 0.03043, 3.47463
0.08175, 0.03234, 3.47001
0.13345, -0.53040, 3.48769
0.17389, -0.87418, 3.44184
0.13640, -0.92604, 3.36962
0.26335, -0.49967, 3.33221
0.27268, -0.87100, 3.41942
0.31599, -0.93354, 3.36741
0.13629, 0.72337, 3.59677
0.13668, 0.53414, 3.59055
0.30476, 0.40883, 3.54910
-0.02888, 0.42045, 3.55412
-0.08342, 0.17792, 3.49420
-0.06112, -0.07872, 3.38051
-0.04902, -0.16956, 3.35557
0.36804, 0.13503, 3.51658
0.38199, -0.08222, 3.37839
0.38951, -0.18172, 3.32299
0.14852, 0.15990, 3.54625
0.15119, 0.10306, 3.48046
0.22728, 0.03369, 3.46036
0.07900, 0.03222, 3.45651
0.13021, -0.53072, 3.47618
0.17631, -0.87599, 3.43829
0.13657, -0.92646, 3.36908
0.26194, -0.50168, 3.30574
0.25743, -0.86827, 3.31432
0.28354, -0.94108, 3.27784
0.13628, 0.72573, 3.58348
0.13589, 0.53424, 3.57152
0.30116, 0.40939, 3.52576
-0.03062, 0.42106, 3.54168
-0.08472, 0.17585, 3.47876
-0.06021, -0.07962, 3.36762
-0.04476, -0.17317, 3.34159
0.36686, 0.13572, 3.50051
0.37946, -0.07046, 3.36511
0.38980, -0.17412, 3.31239
0.14629, 0.16226, 3.52709
0.14744, 0.10530, 3.46168
0.22391, 0.03715, 3.44243
0.07448, 0.03246, 3.43842
0.13208, -0.53077, 3.45007
0.17151, -0.90018, 3.43221
0.13591, -0.92815, 3.36481
0.25867, -0.50048, 3.27523
0.25903, -0.84514, 3.19673
0.27522, -0.91357, 3.13281
0.13724, 0.72041, 3.54098
0.13583, 0.53405, 3.55769
0.30066, 0.41065, 3.50762
-0.02843, 0.42459, 3.51575
-0.08156, 0.16699, 3.44246
-0.05891, -0.08137, 3.34790
-0.04056, -0.17770, 3.32017
0.36567, 0.13410, 3.45933
0.38223, -0.06690, 3.34677
0.38901, -0.17065, 3.29437
0.14423, 0.16322, 3.50851
0.14519, 0.10664, 3.44270
0.22156, 0.03955, 3.42282
0.07180, 0.03227, 3.41935
0.13059, -0.53015, 3.44034
0.16972, -0.91006, 3.42862
0.13522, -0.92999, 3.36078
0.25609, -0.50021, 3.23923
0.26040, -0.81617, 3.10140
0.27000, -0.88020, 3.00820
0.13517, 0.71834, 3.51183
0.14166, 0.53036, 3.51406
0.30149, 0.41209, 3.49509
-0.02747, 0.42359, 3.48748
-0.08038, 0.16110, 3.42122
-0.05803, -0.08232, 3.33263
-0.03916, -0.18262, 3.29831
0.36435, 0.13226, 3.43158
0.37985, -0.07321, 3.32403
0.38722, -0.17570, 3.27308
0.14153, 0.16335, 3.47039
0.14298, 0.10666, 3.40709
0.21754, 0.03909, 3.39020
0.06956, 0.03008, 3.38225
0.12912, -0.53007, 3.43419
0.16862, -0.91583, 3.42634
0.13444, -0.93143, 3.35770
0.25360, -0.50433, 3.21250
0.25891, -0.81774, 3.00905
0.27038, -0.86165, 2.91238
0.13338, 0.71597, 3.48497
0.14370, 0.52594, 3.47414
0.30398, 0.41248, 3.46565
-0.02580, 0.42153, 3.43806
-0.07889, 0.15216, 3.37701
-0.05212, -0.08211, 3.29580
-0.03993, -0.18535, 3.25811
0.36449, 0.12842, 3.41024
0.35866, -0.12206, 3.26708
0.38670, -0.20496, 3.23942
0.14023, 0.16130, 3.43786
0.14354, 0.10448, 3.37476
0.21669, 0.03616, 3.36825
0.07145, 0.02876, 3.33883
0.12529, -0.53039, 3.42665
0.16658, -0.91733, 3.42374
0.13390, -0.93336, 3.35535
0.24913, -0.50905, 3.17712
0.25080, -0.82430, 2.92458
0.26936, -0.83970, 2.82544
0.13244, 0.71482, 3.47169
0.14427, 0.52547, 3.45579
0.30685, 0.41043, 3.42654
-0.02435, 0.42081, 3.40975
-0.07840, 0.14878, 3.35909
-0.05122, -0.08073, 3.27821
-0.04066, -0.18530, 3.24087
0.36514, 0.12592, 3.39096
0.35999, -0.11997, 3.24495
0.37667, -0.20348, 3.21006
0.13993, 0.15897, 3.41583
0.14311, 0.10156, 3.35111
0.21517, 0.02995, 3.33936
0.07150, 0.02763, 3.31850
0.11836, -0.53098, 3.41369
0.16442, -0.91804, 3.41979
0.13191, -0.93647, 3.35148
0.24539, -0.51070, 3.15513
0.23934, -0.82144, 2.89800
0.26383, -0.83135, 2.79599
0.13423, 0.71026, 3.44465
0.14595, 0.52464, 3.43202
0.30327, 0.40692, 3.37718
-0.02207, 0.41685, 3.37608
-0.07815, 0.14644, 3.34277
-0.05149, -0.07814, 3.25784
-0.04186, -0.18235, 3.21974
0.36345, 0.12504, 3.34229
0.36157, -0.11925, 3.23182
0.37402, -0.20330, 3.19255
0.14133, 0.15179, 3.38362
0.14250, 0.09354, 3.31769
0.21454, 0.02212, 3.30364
0.07015, 0.02326, 3.29356
0.11164, -0.53145, 3.39593
0.16312, -0.91868, 3.41682
0.12990, -0.93911, 3.34861
0.23474, -0.50854, 3.11095
0.23428, -0.81543, 2.86012
0.26105, -0.82292, 2.75739
0.14004, 0.70583, 3.41278
0.14798, 0.52459, 3.41674
0.30312, 0.40660, 3.35579
-0.01901, 0.41348, 3.35374
-0.07536, 0.14486, 3.31089
-0.05164, -0.07939, 3.23568
-0.04234, -0.18315, 3.20289
0.36322, 0.12776, 3.31560
0.37962, -0.10375, 3.21415
0.37848, -0.19853, 3.17752
0.14420, 0.14939, 3.36171
0.14517, 0.09158, 3.29442
0.21836, 0.02211, 3.27779
0.07245, 0.02141, 3.26804
0.10500, -0.53199, 3.37155
0.15951, -0.91302, 3.40853
0.12893, -0.94190, 3.34417
0.22928, -0.50669, 3.07999
0.22904, -0.81220, 2.85981
0.25184, -0.82109, 2.75023
0.15215, 0.70419, 3.36455
0.15564, 0.52577, 3.37005
0.30845, 0.40560, 3.33573
-0.01387, 0.41201, 3.32720
-0.07197, 0.14264, 3.27840
-0.05267, -0.08212, 3.20918
-0.04044, -0.18429, 3.17795
0.36609, 0.12851, 3.29147
0.38721, -0.09358, 3.18755
0.38193, -0.19030, 3.14472
0.15079, 0.15299, 3.32497
0.15151, 0.09454, 3.26171
0.22675, 0.02510, 3.24642
0.07550, 0.02248, 3.23952
0.09887, -0.51864, 3.32854
0.14296, -0.87802, 3.39652
0.12841, -0.94334, 3.34179
0.22683, -0.53306, 3.02802
0.22608, -0.81817, 2.82938
0.25016, -0.82489, 2.71975
0.15630, 0.70355, 3.34423
0.16044, 0.52572, 3.34101
0.31512, 0.40586, 3.31771
-0.00761, 0.40848, 3.29125
-0.06821, 0.13950, 3.25346
-0.05175, -0.08649, 3.18576
-0.03951, -0.18740, 3.15255
0.36944, 0.13002, 3.27375
0.39107, -0.08677, 3.15781
0.38171, -0.18119, 3.10328
0.15342, 0.15345, 3.29969
0.15530, 0.09519, 3.23544
0.23048, 0.02534, 3.21728
0.07874, 0.02210, 3.21341
0.09676, -0.51370, 3.30822
0.13852, -0.87386, 3.38910
0.12769, -0.94734, 3.33740
0.22650, -0.53206, 3.00210
0.22164, -0.81579, 2.83060
0.24026, -0.83526, 2.72391
0.16375, 0.70642, 3.30777
0.16215, 0.52614, 3.32003
0.32497, 0.40768, 3.27912
-0.00450, 0.40763, 3.27447
-0.06461, 0.13901, 3.23493
-0.05197, -0.08445, 3.14492
-0.03941, -0.18676, 3.12579
0.38275, 0.14234, 3.23592
0.39324, -0.08149, 3.10904
0.38277, -0.17866, 3.05997
0.15683, 0.15457, 3.27314
0.15752, 0.09732, 3.20744
0.23210, 0.02799, 3.18891
0.08164, 0.02382, 3.18302
0.09650, -0.50893, 3.26244
0.13626, -0.88867, 3.37206
0.12188, -0.96163, 3.32132
0.22907, -0.52574, 2.98568
0.21947, -0.81436, 2.83770
0.23514, -0.84375, 2.73311
0.17130, 0.70941, 3.26145
0.16960, 0.52698, 3.29269
0.33132, 0.40958, 3.25443
0.00235, 0.40949, 3.24845
-0.05647, 0.15509, 3.20518
-0.05193, -0.08282, 3.12187
-0.03939, -0.18319, 3.09478
0.39011, 0.14891, 3.21153
0.39431, -0.07847, 3.08286
0.38365, -0.17519, 3.03332
0.16377, 0.15889, 3.23222
0.16383, 0.10431, 3.16483
0.23759, 0.03704, 3.14068
0.08705, 0.03015, 3.14399
0.09368, -0.50633, 3.23287
0.13500, -0.89162, 3.36615
0.11837, -0.96405, 3.31415
0.23362, -0.50140, 2.96584
0.21934, -0.81131, 2.84311
0.23285, -0.84826, 2.73852
0.17638, 0.71352, 3.23894
0.17389, 0.53326, 3.25916
0.34394, 0.41615, 3.21007
0.01007, 0.41619, 3.22403
-0.04670, 0.15428, 3.15745
-0.05146, -0.08277, 3.08909
-0.03683, -0.17863, 3.04627
0.39913, 0.15376, 3.15987
0.39482, -0.07576, 3.03605
0.38474, -0.16940, 2.98350
0.16945, 0.16384, 3.20326
0.16770, 0.10936, 3.13641
0.24047, 0.04189, 3.11309
0.09227, 0.03616, 3.11325
0.08729, -0.50379, 3.18880
0.13397, -0.89104, 3.36162
0.11517, -0.96316, 3.31000
0.23547, -0.48831, 2.95459
0.21959, -0.80835, 2.84615
0.23156, -0.85134, 2.74180
0.18091, 0.71783, 3.21182
0.18372, 0.54251, 3.21976
0.34838, 0.42106, 3.18612
0.01452, 0.42168, 3.20268
-0.03951, 0.15476, 3.13340
-0.04800, -0.07642, 3.04721
-0.03574, -0.17660, 3.01951
0.40563, 0.15641, 3.12499
0.39690, -0.07648, 3.00187
0.38584, -0.17102, 2.95636
0.17643, 0.17188, 3.17111
0.17322, 0.11692, 3.10520
0.24681, 0.05152, 3.07251
0.09637, 0.04151, 3.09077
0.07587, -0.48658, 3.12769
0.12754, -0.86530, 3.32793
0.11275, -0.95310, 3.31286
0.23696, -0.47859, 2.94443
0.21995, -0.80648, 2.84738
0.23086, -0.85351, 2.74339
0.18545, 0.72404, 3.19196
0.18925, 0.54996, 3.19630
0.35248, 0.42794, 3.16181
0.02383, 0.43263, 3.16419
-0.03130, 0.15775, 3.10737
-0.04117, -0.06972, 3.01000
-0.03525, -0.16319, 2.96463
0.40751, 0.17409, 3.08432
0.39963, -0.07352, 2.96529
0.39309, -0.16859, 2.91495
0.18032, 0.17855, 3.14464
0.17730, 0.12353, 3.07770
0.24905, 0.05578, 3.05217
0.10385, 0.05368, 3.05042
0.06536, -0.47769, 3.07477
0.11380, -0.85125, 3.28607
0.11084, -0.90462, 3.22051
0.23869, -0.47128, 2.93326
0.22011, -0.80525, 2.84782
0.22973, -0.85606, 2.74678
0.19173, 0.73052, 3.15029
0.19479, 0.55623, 3.17985
0.35362, 0.43499, 3.13104
0.02794, 0.43744, 3.14818
-0.02702, 0.16616, 3.09104
-0.03011, -0.06703, 2.96518
-0.03417, -0.15583, 2.93408
0.40977, 0.17116, 3.05350
0.40008, -0.07247, 2.94377
0.39561, -0.16885, 2.89631
0.18599, 0.18330, 3.12063
0.18129, 0.12828, 3.05217
0.25066, 0.06035, 3.02337
0.10806, 0.05950, 3.02933
0.05599, -0.45544, 3.01338
0.10541, -0.81674, 3.24077
0.10428, -0.85449, 3.15528
0.23964, -0.46716, 2.92617
0.22034, -0.80429, 2.84803
0.22905, -0.85783, 2.74949
0.19520, 0.73735, 3.13015
0.20015, 0.56389, 3.15611
0.35660, 0.43995, 3.10453
0.03141, 0.44221, 3.13489
-0.02356, 0.16793, 3.06654
-0.02979, -0.05810, 2.93783
-0.03488, -0.14573, 2.89028
0.41162, 0.17409, 3.02965
0.40138, -0.06757, 2.91447
0.39820, -0.16579, 2.86986
0.19062, 0.18853, 3.09943
0.18418, 0.13273, 3.03188
0.25204, 0.06378, 3.00309
0.11114, 0.06420, 3.01296
0.05042, -0.44162, 2.97178
0.09836, -0.79492, 3.20351
0.07977, -0.86238, 3.16571
0.24022, -0.46458, 2.92098
0.22065, -0.80353, 2.84789
0.22873, -0.85905, 2.75167
0.19833, 0.74097, 3.11376
0.20344, 0.56760, 3.14290
0.35941, 0.44456, 3.08213
0.03456, 0.44574, 3.11738
-0.02217, 0.17077, 3.04742
-0.02794, -0.05056, 2.91894
-0.03332, -0.13965, 2.86779
0.41285, 0.17859, 3.01175
0.40201, -0.06403, 2.88704
0.39898, -0.16472, 2.85336
0.19450, 0.19298, 3.08048
0.18725, 0.13813, 3.01158
0.25395, 0.06754, 2.98583
0.11498, 0.07209, 2.98674
0.04899, -0.43067, 2.92336
0.08118, -0.79303, 3.14033
0.06003, -0.87444, 3.12702
0.24067, -0.46293, 2.91677
0.22098, -0.80296, 2.84741
0.22855, -0.85989, 2.75332
0.20154, 0.74910, 3.10050
0.20833, 0.57463, 3.10727
0.36172, 0.44815, 3.06490
0.03861, 0.44968, 3.09653
-0.01965, 0.18124, 3.02633
-0.02626, -0.03725, 2.90288
-0.03101, -0.11728, 2.83572
0.41664, 0.17708, 2.98146
0.40304, -0.06292, 2.86860
0.39945, -0.16442, 2.84150
0.19770, 0.19806, 3.05241
0.19007, 0.14249, 2.98520
0.25691, 0.07136, 2.95660
0.11715, 0.07630, 2.96789
0.05286, -0.42775, 2.89059
0.07137, -0.79716, 3.09268
0.03713, -0.87034, 3.07081
0.24088, -0.46217, 2.91253
0.22137, -0.80262, 2.84674
0.22851, -0.86055, 2.75479
0.20448, 0.75639, 3.07705
0.21269, 0.57836, 3.08476
0.36396, 0.45352, 3.04535
0.04203, 0.45574, 3.07620
-0.01771, 0.19140, 3.01109
-0.02396, -0.02063, 2.88606
-0.02658, -0.10421, 2.81771
0.41832, 0.17775, 2.96652
0.40554, -0.05988, 2.84801
0.40229, -0.15740, 2.80329
0.20025, 0.20308, 3.03125
0.19207, 0.14766, 2.96435
0.25835, 0.07625, 2.93534
0.11892, 0.08122, 2.94990
0.06555, -0.42506, 2.85621
0.07045, -0.80422, 3.04186
0.02677, -0.87199, 3.01302
0.24084, -0.46196, 2.90790
0.22173, -0.80237, 2.84599
0.22848, -0.86108, 2.75600
0.20645, 0.75992, 3.06114
0.21476, 0.58033, 3.07343
0.36781, 0.45749, 3.02307
0.04461, 0.46216, 3.05600
-0.01487, 0.20228, 2.99499
-0.02070, -0.00728, 2.86991
-0.02489, -0.09761, 2.80638
0.42076, 0.18102, 2.95231
0.40654, -0.05753, 2.82961
0.40314, -0.15507, 2.78451
0.20216, 0.20626, 3.01442
0.19386, 0.15184, 2.94585
0.26061, 0.08095, 2.91192
0.12044, 0.08508, 2.93156
0.08072, -0.42900, 2.82728
0.07271, -0.81057, 2.97180
0.02627, -0.87396, 2.93568
0.24066, -0.46289, 2.90262
0.22212, -0.80228, 2.84500
0.22851, -0.86147, 2.75700
0.20732, 0.76467, 3.04959
0.21730, 0.58185, 3.04802
0.37121, 0.46111, 3.00515
0.04589, 0.46761, 3.03943
-0.01182, 0.20707, 2.96286
-0.01725, -0.00283, 2.84867
-0.01831, -0.08943, 2.78808
0.42414, 0.18707, 2.93296
0.40670, -0.05453, 2.81025
0.40352, -0.15333, 2.77227
0.20441, 0.21182, 2.99056
0.19594, 0.15779, 2.92289
0.26392, 0.08674, 2.88936
0.12097, 0.08913, 2.90920
0.09354, -0.43595, 2.80784
0.09172, -0.81997, 2.88357
0.02803, -0.87569, 2.83773
0.23998, -0.46495, 2.89364
0.22249, -0.80233, 2.84395
0.22854, -0.86193, 2.75805
0.20785, 0.76895, 3.03793
0.21858, 0.58322, 3.03267
0.37258, 0.46589, 2.97465
0.04642, 0.47139, 3.02155
-0.01083, 0.21020, 2.94600
-0.01311, 0.00261, 2.82245
-0.01724, -0.08928, 2.77636
0.42594, 0.19080, 2.91521
0.40651, -0.05255, 2.79607
0.40312, -0.15186, 2.75849
0.20708, 0.21506, 2.97222
0.19797, 0.16151, 2.90445
0.26726, 0.09090, 2.86986
0.12200, 0.09169, 2.89124
0.10623, -0.44235, 2.78612
0.09807, -0.82149, 2.80538
0.03359, -0.87205, 2.74917
0.23643, -0.47057, 2.87948
0.21589, -0.80846, 2.84107
0.22848, -0.86257, 2.75928
0.20674, 0.77418, 3.02267
0.22071, 0.58487, 3.00642
0.37368, 0.46843, 2.96109
0.04723, 0.47553, 3.00184
-0.01034, 0.21218, 2.93118
-0.00877, 0.00186, 2.79807
-0.01686, -0.09539, 2.75406
0.42704, 0.19436, 2.89562
0.40761, -0.05087, 2.78019
0.40338, -0.15001, 2.74625
0.20858, 0.21798, 2.95309
0.19970, 0.16424, 2.88617
0.26924, 0.09356, 2.85380
0.12344, 0.09360, 2.87230
0.11528, -0.44561, 2.76679
0.09232, -0.82111, 2.72035
0.04318, -0.86857, 2.65426
0.23382, -0.47465, 2.86835
0.20107, -0.81696, 2.82602
0.22882, -0.86372, 2.75998
0.20573, 0.77655, 3.00338
0.22154, 0.58471, 2.99015
0.37435, 0.46985, 2.94297
0.04665, 0.47685, 2.97516
-0.01024, 0.21434, 2.91955
-0.00586, 0.00061, 2.78131
-0.01374, -0.09864, 2.72592
0.42729, 0.19690, 2.87824
0.40946, -0.04984, 2.76396
0.40636, -0.14796, 2.72872
0.20956, 0.21807, 2.93629
0.20115, 0.16430, 2.86923
0.27089, 0.09318, 2.83582
0.12486, 0.09337, 2.85618
0.12038, -0.44715, 2.73930
0.09407, -0.80995, 2.64457
0.09309, -0.87139, 2.60735
0.23237, -0.47753, 2.85599
0.19947, -0.82031, 2.82019
0.22920, -0.86630, 2.75964
0.20305, 0.77874, 2.97887
0.22189, 0.58549, 2.97702
0.37415, 0.46957, 2.92388
0.04542, 0.47538, 2.95268
-0.00869, 0.21355, 2.89265
-0.00331, -0.00129, 2.76679
-0.00738, -0.09890, 2.69753
0.42726, 0.20204, 2.86089
0.41066, -0.04957, 2.75059
0.40840, -0.14730, 2.71261
0.21066, 0.21586, 2.91754
0.20286, 0.16127, 2.84887
0.27312, 0.08955, 2.81609
0.12651, 0.09060, 2.83459
0.12204, -0.44722, 2.70906
0.09810, -0.79905, 2.56885
0.09195, -0.85991, 2.49860
0.23207, -0.47874, 2.83845
0.20861, -0.81405, 2.81618
0.22920, -0.86702, 2.76013
0.20421, 0.78100, 2.96126
0.22064, 0.58554, 2.95310
0.36997, 0.46621, 2.89220
0.04551, 0.47358, 2.92840
-0.00895, 0.21061, 2.86752
-0.00069, -0.00636, 2.74315
-0.00349, -0.10406, 2.67682
0.42674, 0.20314, 2.84189
0.41118, -0.05075, 2.73532
0.40946, -0.14779, 2.70171
0.21209, 0.21154, 2.89381
0.20440, 0.15600, 2.82550
0.27511, 0.08405, 2.79528
0.12826, 0.08775, 2.81225
0.12642, -0.45786, 2.67644
0.10258, -0.79256, 2.49372
0.08904, -0.84650, 2.40201
0.22431, -0.47852, 2.79572
0.21600, -0.80878, 2.81398
0.22955, -0.86772, 2.76012
0.20325, 0.78276, 2.94256
0.21777, 0.58582, 2.93369
0.36704, 0.46401, 2.87264
0.04229, 0.46806, 2.89807
-0.01000, 0.20706, 2.84638
0.00343, -0.02763, 2.70279
-0.00047, -0.10915, 2.66160
0.42414, 0.20105, 2.81243
0.41256, -0.05462, 2.71485
0.40956, -0.15523, 2.67673
0.21248, 0.20674, 2.87262
0.20636, 0.14992, 2.80342
0.27762, 0.07706, 2.77366
0.13177, 0.08280, 2.78835
0.12897, -0.47920, 2.63746
0.11623, -0.77866, 2.44352
0.08903, -0.82162, 2.34430
0.21638, -0.47840, 2.76186
0.22212, -0.80415, 2.81325
0.23064, -0.86853, 2.75900
0.20069, 0.78331, 2.91702
0.21496, 0.58446, 2.90100
0.36577, 0.46232, 2.85853
0.03950, 0.46465, 2.87884
-0.01086, 0.20419, 2.82747
0.00480, -0.03446, 2.68643
0.00226, -0.11403, 2.64384
0.42335, 0.19699, 2.78977
0.41371, -0.05654, 2.69677
0.40903, -0.16053, 2.65611
0.21344, 0.20363, 2.85266
0.20847, 0.14582, 2.78482
0.28000, 0.07236, 2.75781
0.13488, 0.07878, 2.76754
0.13080, -0.49086, 2.61708
0.12459, -0.76933, 2.38387
0.08704, -0.80916, 2.28595
0.21141, -0.47773, 2.73645
0.23109, -0.79876, 2.81431
0.23376, -0.87059, 2.75423
0.19807, 0.78201, 2.89599
0.21390, 0.58357, 2.88694
0.36343, 0.45873, 2.83621
0.03504, 0.45929, 2.85389
-0.01191, 0.20305, 2.80541
0.00488, -0.04018, 2.67084
0.00474, -0.11922, 2.62874
0.42226, 0.19402, 2.77445
0.41392, -0.05838, 2.67632
0.40806, -0.16317, 2.64081
0.21363, 0.19813, 2.83425
0.20938, 0.13911, 2.76539
0.28095, 0.06631, 2.74183
0.13654, 0.07002, 2.74298
0.13367, -0.49782, 2.59863
0.12789, -0.76269, 2.34188
0.09142, -0.79870, 2.24752
0.19564, -0.48435, 2.68277
0.23590, -0.79629, 2.81433
0.23500, -0.85770, 2.73289
0.19417, 0.77698, 2.85716
0.21111, 0.58127, 2.86685
0.36055, 0.45580, 2.81553
0.03220, 0.45657, 2.83771
-0.01447, 0.19918, 2.77391
0.00422, -0.04733, 2.64853
0.00709, -0.12693, 2.59954
0.42138, 0.19292, 2.76235
0.41251, -0.05794, 2.65554
0.40731, -0.16485, 2.62723
0.21211, 0.19206, 2.81233
0.20812, 0.13243, 2.74430
0.27916, 0.05990, 2.72052
0.13633, 0.06344, 2.72390
0.13764, -0.49735, 2.55421
0.12939, -0.76643, 2.30272
0.09152, -0.79054, 2.19536
0.18827, -0.45487, 2.64301
0.25883, -0.72765, 2.80721
0.25223, -0.81837, 2.74966
0.19217, 0.77598, 2.84188
0.20460, 0.57673, 2.83264
0.35667, 0.45515, 2.79444
0.02613, 0.44966, 2.79917
-0.01617, 0.19556, 2.74935
0.00269, -0.05183, 2.62687
0.00922, -0.13285, 2.57900
0.41991, 0.19374, 2.74386
0.41157, -0.05738, 2.64119
0.40789, -0.16568, 2.61296
0.20853, 0.18752, 2.78588
0.20642, 0.12740, 2.71914
0.27734, 0.05505, 2.69502
0.13577, 0.05852, 2.70190
0.13906, -0.49334, 2.53122
0.13036, -0.76734, 2.28770
0.09201, -0.78811, 2.18041
0.20073, -0.52107, 2.65898
0.25933, -0.77971, 2.81055
0.26032, -0.84851, 2.74370
0.18969, 0.77574, 2.82796
0.19951, 0.57493, 2.81142
0.35065, 0.44977, 2.76379
0.02311, 0.44842, 2.78075
-0.01815, 0.19289, 2.72976
0.00047, -0.05358, 2.60671
0.00867, -0.13919, 2.55131
0.41593, 0.18707, 2.70776
0.41008, -0.05829, 2.62276
0.40845, -0.16434, 2.59071
0.20468, 0.18496, 2.76266
0.20263, 0.12469, 2.69578
0.27420, 0.05243, 2.67309
0.13185, 0.05579, 2.67750
0.14258, -0.47424, 2.49400
0.13296, -0.76609, 2.28411
0.09956, -0.78882, 2.18523
0.18693, -0.49648, 2.59863
0.24173, -0.77605, 2.76124
0.21371, -0.79351, 2.64433
0.18551, 0.77562, 2.80767
0.19505, 0.57389, 2.79444
0.34687, 0.44888, 2.74556
0.02052, 0.45023, 2.76506
-0.02167, 0.19248, 2.70094
0.00932, -0.05214, 2.57807
0.00560, -0.13847, 2.52197
0.41372, 0.18553, 2.68971
0.40952, -0.05864, 2.59685
0.40539, -0.16272, 2.56201
0.20083, 0.18492, 2.74260
0.19893, 0.12519, 2.67508
0.26967, 0.05414, 2.64985
0.12904, 0.05588, 2.65763
0.14308, -0.46734, 2.47619
0.13555, -0.76811, 2.27511
0.10540, -0.79245, 2.17638
0.19177, -0.51566, 2.58551
0.23946, -0.79407, 2.74285
0.20940, -0.80255, 2.61825
0.17949, 0.77659, 2.78764
0.18821, 0.57456, 2.76860
0.33918, 0.45061, 2.71372
0.01710, 0.45345, 2.73882
-0.02631, 0.19310, 2.67790
-0.01203, -0.03087, 2.55501
-0.00290, -0.12879, 2.49991
0.41032, 0.18525, 2.67037
0.40807, -0.05858, 2.57692
0.40378, -0.16109, 2.53995
0.19514, 0.18664, 2.71281
0.19301, 0.12749, 2.64463
0.26289, 0.05640, 2.61819
0.12461, 0.05954, 2.62893
0.14181, -0.46176, 2.46130
0.13856, -0.77072, 2.27841
0.11814, -0.80039, 2.19325
0.19523, -0.48322, 2.58048
0.23854, -0.79375, 2.73581
0.20388, -0.78541, 2.60642
0.17327, 0.77791, 2.76729
0.18017, 0.57657, 2.74278
0.33395, 0.45379, 2.69493
0.01114, 0.45577, 2.70583
-0.03264, 0.19631, 2.65020
-0.02670, -0.01823, 2.53534
-0.00959, -0.11681, 2.47505
0.40559, 0.18896, 2.64566
0.40593, -0.05373, 2.55504
0.40132, -0.15891, 2.51981
0.18894, 0.18915, 2.68603
0.18826, 0.13034, 2.61775
0.25846, 0.05975, 2.59281
0.12043, 0.06284, 2.59921
0.13606, -0.42261, 2.44837
0.14087, -0.77321, 2.27774
0.11962, -0.81227, 2.20209
0.25577, -0.42916, 2.62451
0.28852, -0.75623, 2.76800
0.25951, -0.74775, 2.66272
0.16145, 0.78036, 2.73574
0.17104, 0.58034, 2.71794
0.32673, 0.45975, 2.66922
0.00568, 0.46134, 2.68254
-0.03956, 0.20137, 2.62006
-0.03797, -0.00971, 2.51554
-0.01526, -0.11024, 2.45648
0.40011, 0.19383, 2.62093
0.40210, -0.05294, 2.52264
0.39629, -0.15538, 2.48965
0.18254, 0.19399, 2.65659
0.18235, 0.13605, 2.58722
0.25296, 0.06747, 2.55942
0.11542, 0.06739, 2.56949
0.12897, -0.40162, 2.43680
0.14288, -0.77563, 2.27793
0.12059, -0.81932, 2.20792
0.26707, -0.45428, 2.63991
0.27778, -0.76192, 2.75253
0.22990, -0.76206, 2.62292
0.15321, 0.78468, 2.70812
0.16139, 0.58627, 2.69195
0.32070, 0.46659, 2.64535
0.00077, 0.46769, 2.65765
-0.04652, 0.20698, 2.59171
-0.04669, -0.00229, 2.49082
-0.02602, -0.10126, 2.42746
0.39243, 0.19884, 2.58682
0.39818, -0.05145, 2.49391
0.39311, -0.15093, 2.46455
0.17496, 0.20113, 2.62467
0.17543, 0.14422, 2.55426
0.24788, 0.07576, 2.52997
0.10731, 0.07668, 2.53031
0.12512, -0.39822, 2.42578
0.14447, -0.77736, 2.27842
0.12118, -0.82354, 2.21141
0.23120, -0.45949, 2.58487
0.26274, -0.75251, 2.72247
0.21559, -0.75746, 2.59114
0.14807, 0.79246, 2.68652
0.15262, 0.59726, 2.66410
0.31404, 0.47571, 2.62122
-0.00554, 0.47455, 2.63081
-0.05130, 0.21184, 2.56669
-0.05436, 0.00733, 2.45112
-0.03373, -0.09483, 2.39982
0.38531, 0.20302, 2.56069
0.39384, -0.04677, 2.47139
0.38808, -0.14031, 2.42984
0.16851, 0.20849, 2.59868
0.16966, 0.15113, 2.52857
0.24295, 0.08333, 2.50465
0.10164, 0.08280, 2.50575
0.12123, -0.40375, 2.41451
0.14554, -0.77835, 2.27881
0.12128, -0.82648, 2.21384
0.22435, -0.45864, 2.55992
0.24144, -0.74549, 2.67290
0.19988, -0.75777, 2.54638
0.14439, 0.79770, 2.66917
0.14799, 0.60399, 2.64254
0.30978, 0.48119, 2.60104
-0.01088, 0.47983, 2.60617
-0.05717, 0.21657, 2.53821
-0.05866, 0.01026, 2.42662
-0.04155, -0.09043, 2.37133
0.37944, 0.20652, 2.53713
0.38992, -0.03287, 2.44305
0.38459, -0.13278, 2.40500
0.16391, 0.21407, 2.57579
0.16554, 0.15663, 2.50560
0.23949, 0.08810, 2.48283
0.09697, 0.08891, 2.48144
0.11866, -0.41186, 2.40574
0.14618, -0.77897, 2.27896
0.12163, -0.82815, 2.21504
0.21396, -0.45306, 2.51697
0.22966, -0.73952, 2.63844
0.19087, -0.75689, 2.51199
0.13768, 0.80569, 2.64576
0.14465, 0.61200, 2.61633
0.30498, 0.48630, 2.57770
-0.01661, 0.48472, 2.58080
-0.06297, 0.22045, 2.51392
-0.06462, 0.01510, 2.39260
-0.04788, -0.08675, 2.34514
0.37289, 0.20971, 2.51440
0.38656, -0.03090, 2.41116
0.38220, -0.12777, 2.38417
0.15850, 0.22124, 2.55037
0.16013, 0.16361, 2.48030
0.23412, 0.09512, 2.45823
0.09099, 0.09522, 2.45624
0.11683, -0.41630, 2.39894
0.14652, -0.77934, 2.27908
0.12138, -0.82921, 2.21570
0.20516, -0.46000, 2.46848
0.25026, -0.78639, 2.65868
0.21385, -0.79682, 2.54517
0.13320, 0.81227, 2.62724
0.14167, 0.61782, 2.59690
0.30027, 0.49047, 2.55584
-0.02031, 0.48889, 2.56108
-0.06765, 0.22489, 2.49625
-0.06773, 0.01819, 2.37615
-0.05188, -0.08267, 2.32700
0.36611, 0.21472, 2.49427
0.37892, -0.03333, 2.37043
0.37674, -0.11847, 2.34437
0.15445, 0.22624, 2.53197
0.15591, 0.16835, 2.46201
0.22958, 0.10082, 2.43988
0.08671, 0.09911, 2.43863
0.11672, -0.41920, 2.39356
0.14645, -0.77885, 2.27969
0.12077, -0.82955, 2.21566
0.23229, -0.45826, 2.43923
0.25755, -0.80515, 2.64897
0.21972, -0.81100, 2.53849
0.12996, 0.81759, 2.61167
0.13864, 0.62229, 2.57897
0.29614, 0.49234, 2.53560
-0.02443, 0.49191, 2.53994
-0.07561, 0.22414, 2.46991
-0.07012, 0.01538, 2.35950
-0.05491, -0.08521, 2.31005
0.36034, 0.21838, 2.47339
0.37412, -0.03325, 2.34976
0.37184, -0.11386, 2.31567
0.14909, 0.22994, 2.51114
0.15027, 0.17196, 2.44055
0.22385, 0.10523, 2.41943
0.08012, 0.10193, 2.41509
0.11788, -0.42307, 2.38848
0.14600, -0.77806, 2.28040
0.11996, -0.82939, 2.21515
0.25313, -0.44604, 2.40435
0.26551, -0.81904, 2.61480
0.22451, -0.82236, 2.51146
0.12386, 0.82271, 2.58743
0.13447, 0.62574, 2.56226
0.29216, 0.49386, 2.51707
-0.02787, 0.49477, 2.51964
-0.08142, 0.22456, 2.45128
-0.07259, 0.01387, 2.34339
-0.05723, -0.08652, 2.29464
0.35507, 0.22124, 2.45439
0.36879, -0.03309, 2.32473
0.36692, -0.10937, 2.28462
0.14520, 0.23264, 2.49511
0.14666, 0.17447, 2.42457
0.22038, 0.10847, 2.40451
0.07642, 0.10386, 2.39840
0.11973, -0.42737, 2.38346
0.14541, -0.77709, 2.28108
0.11906, -0.82900, 2.21445
0.26319, -0.42496, 2.36656
0.27382, -0.80812, 2.57408
0.22784, -0.81557, 2.47337
0.11833, 0.82739, 2.56361
0.13048, 0.62918, 2.54590
0.29011, 0.49850, 2.50370
-0.03260, 0.49844, 2.50136
-0.08619, 0.22609, 2.43638
-0.07478, 0.01383, 2.32954
-0.05872, -0.08613, 2.28041
0.35182, 0.22453, 2.44036
0.36379, -0.03308, 2.30320
0.36318, -0.10638, 2.26164
0.14159, 0.23678, 2.47994
0.14363, 0.17867, 2.40963
0.21805, 0.11263, 2.39103
0.07291, 0.10686, 2.38217
0.12210, -0.43169, 2.37791
0.14470, -0.77609, 2.28170
0.11809, -0.82833, 2.21345
0.26384, -0.41489, 2.34143
0.28725, -0.79627, 2.51885
0.23203, -0.80796, 2.42154
0.11540, 0.83148, 2.54945
0.12556, 0.63312, 2.52713
0.28774, 0.50458, 2.48972
-0.03709, 0.50281, 2.48086
-0.09059, 0.22939, 2.42093
-0.07663, 0.01472, 2.31779
-0.05996, -0.08536, 2.26941
0.34719, 0.23051, 2.41739
0.35873, -0.03145, 2.27963
0.36028, -0.10342, 2.24014
0.13718, 0.24104, 2.46362
0.14010, 0.18278, 2.39384
0.21445, 0.11793, 2.37316
0.06976, 0.10930, 2.36835
0.12388, -0.43518, 2.37275
0.14402, -0.77514, 2.28223
0.11712, -0.82756, 2.21245
0.25969, -0.40516, 2.30715
0.29333, -0.77625, 2.45514
0.22772, -0.79621, 2.36301
0.11323, 0.83486, 2.53604
0.12174, 0.63593, 2.51222
0.28553, 0.51131, 2.47208
-0.04037, 0.50630, 2.46547
-0.09408, 0.23277, 2.40720
-0.07812, 0.01593, 2.30742
-0.06124, -0.08440, 2.25965
0.34415, 0.23467, 2.40173
0.35522, -0.02934, 2.26199
0.35673, -0.09878, 2.21824
0.13333, 0.24508, 2.44790
0.13623, 0.18720, 2.37780
0.21070, 0.12324, 2.35617
0.06587, 0.11229, 2.35265
0.12397, -0.43910, 2.36736
0.14325, -0.77417, 2.28273
0.11618, -0.82673, 2.21141
0.25042, -0.39532, 2.27529
0.29027, -0.75163, 2.37820
0.21509, -0.78380, 2.29389
0.11207, 0.83926, 2.51740
0.11857, 0.63943, 2.49522
0.28247, 0.51653, 2.45280
-0.04268, 0.50995, 2.44557
-0.09766, 0.23575, 2.39404
-0.07964, 0.01778, 2.29517
-0.06254, -0.08308, 2.24873
0.34212, 0.23840, 2.38894
0.35224, -0.02703, 2.24579
0.35539, -0.09590, 2.20194
0.12965, 0.24848, 2.43166
0.13268, 0.19053, 2.36161
0.20743, 0.12698, 2.34191
0.06219, 0.11512, 2.33521
0.12321, -0.44389, 2.36162
0.14261, -0.77341, 2.28313
0.11538, -0.82594, 2.21055
0.24540, -0.39707, 2.25338
0.26560, -0.74396, 2.29603
0.23490, -0.80417, 2.23234
0.10983, 0.84172, 2.49378
0.11382, 0.64089, 2.46698
0.27166, 0.52098, 2.42275
-0.04475, 0.51212, 2.43103
-0.10022, 0.23999, 2.38022
-0.08066, 0.02057, 2.28364
-0.06307, -0.08026, 2.23704
0.33952, 0.24244, 2.37265
0.34825, -0.02393, 2.22336
0.34346, -0.09166, 2.17607
0.12659, 0.24999, 2.41237
0.12867, 0.19144, 2.34314
0.20239, 0.12887, 2.32347
0.05939, 0.11644, 2.32034
0.12144, -0.44809, 2.35527
0.14214, -0.77277, 2.28340
0.11466, -0.82525, 2.20974
0.24088, -0.40224, 2.22382
0.24258, -0.74853, 2.22387
0.25263, -0.82318, 2.16630
0.10902, 0.84325, 2.47560
0.11144, 0.64177, 2.44976
0.26791, 0.52297, 2.40858
-0.04570, 0.51380, 2.41401
-0.10283, 0.24495, 2.36466
-0.08172, 0.02370, 2.27220
-0.06339, -0.07785, 2.22741
0.33665, 0.24641, 2.35398
0.34552, -0.02198, 2.20748
0.33706, -0.08961, 2.16020
0.12347, 0.25045, 2.39470
0.12540, 0.19158, 2.32550
0.19848, 0.12936, 2.30668
0.05649, 0.11735, 2.30229
0.11832, -0.45041, 2.34820
0.14189, -0.77213, 2.28341
0.11392, -0.82467, 2.20895
0.23713, -0.40761, 2.19295
0.23284, -0.75206, 2.15918
0.27623, -0.82574, 2.08783
0.10678, 0.84462, 2.46018
0.10916, 0.64246, 2.43233
0.26273, 0.52384, 2.38804
-0.04731, 0.51471, 2.39795
-0.10495, 0.24950, 2.34905
-0.08270, 0.02675, 2.26066
-0.06387, -0.07520, 2.21689
0.33493, 0.24786, 2.33564
0.34369, -0.02202, 2.19006
0.33127, -0.09006, 2.14525
0.12126, 0.25089, 2.37710
0.12246, 0.19171, 2.30800
0.19518, 0.13000, 2.28939
0.05376, 0.11821, 2.28558
0.11423, -0.45092, 2.34059
0.14172, -0.77162, 2.28337
0.11337, -0.82420, 2.20822
0.23412, -0.40952, 2.16653
0.24313, -0.74608, 2.08808
0.28215, -0.81138, 2.01784
0.10149, 0.84200, 2.42075
0.10734, 0.64189, 2.41500
0.26043, 0.52495, 2.37352
-0.04901, 0.51524, 2.38102
-0.10667, 0.25314, 2.33622
-0.08373, 0.03030, 2.24804
-0.06456, -0.07233, 2.20585
0.33347, 0.24779, 2.31765
0.34122, -0.02257, 2.17409
0.32771, -0.09093, 2.12948
0.11931, 0.25086, 2.36184
0.12027, 0.19148, 2.29313
0.19266, 0.12981, 2.27325
0.05175, 0.11841, 2.27210
0.10970, -0.44994, 2.33256
0.14164, -0.77140, 2.28321
0.11277, -0.82411, 2.20782
0.22999, -0.40962, 2.14561
0.24765, -0.72662, 2.02244
0.27205, -0.77282, 1.93678
0.10001, 0.84181, 2.40413
0.10715, 0.64088, 2.39509
0.26048, 0.52331, 2.35360
-0.05163, 0.51591, 2.36285
-0.10813, 0.25560, 2.32202
-0.08641, 0.03320, 2.23157
-0.06672, -0.07036, 2.19209
0.33182, 0.24690, 2.29601
0.33921, -0.02388, 2.15721
0.32583, -0.09347, 2.11613
0.11788, 0.25060, 2.34264
0.11823, 0.19117, 2.27412
0.19064, 0.12908, 2.25465
0.04897, 0.11771, 2.25143
0.10483, -0.44850, 2.32319
0.14131, -0.77292, 2.28027
0.11199, -0.82426, 2.20702
0.22528, -0.40893, 2.13233
0.24136, -0.69964, 1.96016
0.25110, -0.73267, 1.86562
0.09846, 0.84117, 2.38855
0.10785, 0.63919, 2.37495
0.26219, 0.52189, 2.33448
-0.05458, 0.51645, 2.34457
-0.10878, 0.25658, 2.30345
-0.08890, 0.03387, 2.21513
-0.06939, -0.07046, 2.17623
0.33122, 0.24592, 2.27510
0.33735, -0.02555, 2.13976
0.32429, -0.09674, 2.10132
0.11686, 0.25068, 2.32384
0.11665, 0.19144, 2.25554
0.18938, 0.12854, 2.23518
0.04647, 0.11724, 2.23279
0.09746, -0.44206, 2.30252
0.14033, -0.77481, 2.27588
0.11095, -0.82473, 2.20568
0.21457, -0.39818, 2.11524
0.22938, -0.67198, 1.91332
0.22863, -0.69976, 1.81905
0.09903, 0.84103, 2.37226
0.10730, 0.63751, 2.34756
0.26445, 0.52002, 2.31297
-0.05631, 0.51626, 2.32076
-0.10745, 0.25150, 2.27424
-0.09136, 0.02840, 2.19145
-0.07209, -0.07706, 2.15466
0.33121, 0.24477, 2.25619
0.33566, -0.02742, 2.12192
0.32403, -0.10080, 2.08784
0.11562, 0.25040, 2.30010
0.11540, 0.19112, 2.23238
0.18859, 0.12706, 2.21237
0.04463, 0.11671, 2.21105
0.09260, -0.43490, 2.27858
0.13915, -0.77649, 2.27122
0.10990, -0.82552, 2.20381
0.20309, -0.37979, 2.09950
0.22368, -0.65879, 1.88525
0.22030, -0.68584, 1.79190
0.10082, 0.84075, 2.35755
0.10674, 0.63679, 2.32806
0.26687, 0.51801, 2.28935
-0.05506, 0.51635, 2.29690
-0.10649, 0.24928, 2.25583
-0.09323, 0.02600, 2.16875
-0.07341, -0.08065, 2.13767
0.33112, 0.24147, 2.23049
0.33427, -0.02933, 2.10583
0.32476, -0.10504, 2.07755
0.11447, 0.24933, 2.27661
0.11420, 0.19012, 2.20810
0.18751, 0.12524, 2.18814
0.04319, 0.11634, 2.18656
0.10198, -0.41215, 2.21801
0.13755, -0.77841, 2.26583
0.10865, -0.82682, 2.20147
0.19524, -0.36674, 2.08589
0.21615, -0.64842, 1.86239
0.21119, -0.67326, 1.76332
0.10419, 0.83916, 2.32565
0.10657, 0.63613, 2.30206
0.26935, 0.51665, 2.26748
-0.05466, 0.51639, 2.27698
-0.10627, 0.24854, 2.23170
-0.09395, 0.02426, 2.15152
-0.07480, -0.08310, 2.11843
0.33045, 0.24014, 2.20635
0.33603, -0.01003, 2.08549
0.32662, -0.09377, 2.06246
0.11398, 0.24961, 2.25439
0.11357, 0.19032, 2.18641
0.18735, 0.12443, 2.16647
0.04201, 0.11677, 2.16491
0.10791, -0.39648, 2.17357
0.13509, -0.78103, 2.25916
0.10666, -0.82984, 2.19789
0.18694, -0.35338, 2.06208
0.20967, -0.64145, 1.84957
0.20342, -0.66718, 1.75290
0.10689, 0.83775, 2.30405
0.10707, 0.63532, 2.27614
0.27097, 0.51547, 2.24000
-0.05295, 0.51516, 2.25174
-0.10601, 0.24860, 2.21088
-0.09482, 0.02465, 2.12600
-0.07544, -0.08360, 2.09623
0.33187, 0.23743, 2.17496
0.33692, 0.00478, 2.07244
0.32695, -0.08364, 2.04609
0.11394, 0.24965, 2.22718
0.11315, 0.19062, 2.15919
0.18697, 0.12434, 2.13700
0.04128, 0.11746, 2.14042
0.10948, -0.37934, 2.13045
0.13014, -0.78118, 2.25091
0.10491, -0.83286, 2.19480
0.18132, -0.34513, 2.04618
0.20276, -0.63709, 1.84131
0.19581, -0.66228, 1.74199
0.10996, 0.83708, 2.28770
0.10844, 0.63544, 2.25415
0.27237, 0.51364, 2.21109
-0.05043, 0.51476, 2.22692
-0.10551, 0.24673, 2.18684
-0.09446, 0.02236, 2.10399
-0.07585, -0.08624, 2.07369
0.33288, 0.23659, 2.15473
0.33932, 0.01278, 2.04517
0.32820, -0.07450, 2.01600
0.11468, 0.25014, 2.20413
0.11340, 0.19129, 2.13601
0.18703, 0.12502, 2.11439
0.04135, 0.11858, 2.11641
0.10625, -0.37116, 2.11564
0.12665, -0.78101, 2.24517
0.10352, -0.83529, 2.19262
0.17736, -0.34120, 2.03667
0.19680, -0.63462, 1.83649
0.18914, -0.66153, 1.73941
0.11510, 0.83705, 2.26247
0.11132, 0.63670, 2.22558
0.27373, 0.51152, 2.18246
-0.04446, 0.51368, 2.19383
-0.10322, 0.24384, 2.15980
-0.09248, 0.02016, 2.06840
-0.07481, -0.08893, 2.04306
0.33594, 0.23832, 2.12917
0.34154, 0.01622, 2.02585
0.33314, -0.07833, 1.97747
0.11653, 0.25020, 2.17285
0.11526, 0.19134, 2.10417
0.18811, 0.12565, 2.08247
0.04345, 0.11979, 2.08577
0.10042, -0.36668, 2.11178
0.12394, -0.78074, 2.24088
0.10220, -0.83707, 2.19062
0.17742, -0.32840, 1.99515
0.18946, -0.68068, 1.81439
0.18424, -0.72757, 1.71442
0.12037, 0.83641, 2.23983
0.11599, 0.63720, 2.20128
0.27578, 0.51072, 2.15847
-0.04015, 0.51346, 2.17037
-0.10010, 0.24274, 2.13336
-0.09064, 0.01880, 2.04629
-0.07362, -0.09009, 2.01773
0.33863, 0.23996, 2.10289
0.34369, 0.01754, 1.99495
0.33565, -0.08507, 1.94152
0.11877, 0.25056, 2.14729
0.11696, 0.19196, 2.07832
0.18906, 0.12694, 2.05304
0.04501, 0.12094, 2.06138
0.09369, -0.36309, 2.10585
0.11826, -0.76741, 2.22837
0.10131, -0.83776, 2.18935
0.17972, -0.31997, 1.96646
0.18566, -0.70100, 1.80175
0.18140, -0.75797, 1.70060
0.12653, 0.83751, 2.21014
0.12099, 0.63885, 2.17480
0.27963, 0.51054, 2.13320
-0.03553, 0.51443, 2.14580
-0.09685, 0.24303, 2.10886
-0.08536, 0.02045, 2.01621
-0.07055, -0.08810, 1.98584
0.34342, 0.24042, 2.07144
0.34703, 0.01434, 1.95891
0.33872, -0.08899, 1.91532
0.12189, 0.25212, 2.11757
0.11969, 0.19394, 2.04818
0.19134, 0.12865, 2.02208
0.04745, 0.12362, 2.03115
0.08711, -0.36011, 2.10001
0.11439, -0.75718, 2.21949
0.10029, -0.83796, 2.18817
0.18055, -0.31635, 1.95042
0.18329, -0.71325, 1.79316
0.17970, -0.77352, 1.69207
0.12935, 0.83929, 2.18398
0.12645, 0.64073, 2.15083
0.28537, 0.51386, 2.10885
-0.03220, 0.51601, 2.12423
-0.09131, 0.24643, 2.07784
-0.08170, 0.02241, 1.99235
-0.06862, -0.08556, 1.95972
0.34787, 0.24369, 2.04542
0.34939, 0.01286, 1.93011
0.34268, -0.09000, 1.89281
0.12497, 0.25515, 2.09084
0.12202, 0.19775, 2.02093
0.19400, 0.13261, 1.98856
0.04872, 0.12672, 2.00653
0.07723, -0.35539, 2.08139
0.10931, -0.74869, 2.20930
0.09742, -0.83652, 2.18426
0.18091, -0.31468, 1.92858
0.18150, -0.72218, 1.78739
0.17825, -0.78352, 1.68673
0.13094, 0.84286, 2.15154
0.13005, 0.64365, 2.12786
0.28984, 0.51836, 2.08089
-0.02817, 0.51873, 2.09577
-0.08661, 0.25388, 2.05311
-0.07711, 0.03092, 1.96548
-0.06738, -0.07254, 1.92062
0.35260, 0.25572, 2.01327
0.35252, 0.01182, 1.89656
0.34732, -0.08784, 1.86899
0.12770, 0.25830, 2.06270
0.12449, 0.20154, 1.99201
0.19608, 0.13583, 1.96211
0.05116, 0.13093, 1.97496
0.06585, -0.34561, 2.04277
0.09732, -0.73180, 2.18469
0.09205, -0.78533, 2.11626
0.18176, -0.31194, 1.90448
0.18000, -0.72779, 1.78368
0.17702, -0.79038, 1.68314
0.13327, 0.84760, 2.12554
0.13452, 0.64811, 2.10509
0.29414, 0.52293, 2.05700
-0.02471, 0.52041, 2.07148
-0.08167, 0.25957, 2.02849
-0.07078, 0.04041, 1.92957
-0.06426, -0.06393, 1.88586
0.35748, 0.26337, 1.98899
0.35535, 0.01366, 1.87307
0.35734, -0.07705, 1.83700
0.13162, 0.26169, 2.03784
0.12817, 0.20510, 1.96689
0.19970, 0.13934, 1.93632
0.05473, 0.13430, 1.94998
0.05732, -0.34911, 2.01727
0.08986, -0.73103, 2.16656
0.08652, -0.76869, 2.07026
0.18365, -0.30916, 1.87978
0.17881, -0.73177, 1.78119
0.17591, -0.79530, 1.68094
0.13330, 0.85273, 2.08944
0.13831, 0.65275, 2.08455
0.29735, 0.52729, 2.02888
-0.01495, 0.52091, 2.03901
-0.07786, 0.26334, 2.00642
-0.06664, 0.04544, 1.90011
-0.06295, -0.05560, 1.84867
0.36256, 0.26861, 1.96471
0.35771, 0.01750, 1.84287
0.36345, -0.06906, 1.81252
0.13626, 0.26270, 2.01226
0.13306, 0.20565, 1.94006
0.20314, 0.14096, 1.91241
0.06094, 0.13588, 1.92305
0.04039, -0.34031, 1.96397
0.07943, -0.71293, 2.13017
0.07857, -0.73836, 2.02237
0.18589, -0.31573, 1.85220
0.17735, -0.73735, 1.78060
0.17468, -0.79880, 1.68082
0.13229, 0.85586, 2.06796
0.14448, 0.65681, 2.05963
0.29738, 0.53245, 2.00299
-0.00703, 0.52175, 2.01703
-0.07443, 0.26569, 1.98535
-0.06442, 0.04948, 1.87090
-0.06474, -0.03924, 1.81648
0.36836, 0.27058, 1.93976
0.35974, 0.02040, 1.82096
0.36664, -0.06083, 1.78425
0.14072, 0.26224, 1.98971
0.13659, 0.20440, 1.91798
0.20478, 0.14143, 1.89152
0.06568, 0.13634, 1.90285
0.02978, -0.34793, 1.92964
0.07519, -0.71302, 2.11088
0.07468, -0.73312, 2.00073
0.18661, -0.31876, 1.83984
0.17629, -0.74167, 1.78023
0.17345, -0.80110, 1.68110
0.13201, 0.85677, 2.03934
0.14882, 0.65909, 2.04121
0.29673, 0.53622, 1.97910
-0.00127, 0.52288, 2.00016
-0.07047, 0.26683, 1.96270
-0.06353, 0.05262, 1.84511
-0.06803, -0.02587, 1.79414
0.37352, 0.27128, 1.91782
0.36111, 0.02361, 1.80068
0.36752, -0.05527, 1.76157
0.14354, 0.26168, 1.97121
0.13814, 0.20335, 1.89969
0.20415, 0.14156, 1.86889
0.06818, 0.13673, 1.88800
0.01493, -0.32714, 1.86693
0.06426, -0.68508, 2.06208
0.06075, -0.70597, 1.95532
0.18710, -0.32100, 1.83152
0.17535, -0.74520, 1.78022
0.17197, -0.80226, 1.68202
0.13092, 0.85697, 2.02014
0.15269, 0.66068, 2.02219
0.29605, 0.53851, 1.95731
0.00554, 0.52360, 1.97889
-0.06712, 0.26672, 1.94293
-0.06291, 0.05463, 1.82176
-0.07318, -0.01659, 1.77444
0.37756, 0.26954, 1.89020
0.36297, 0.02675, 1.77527
0.36655, -0.05037, 1.73535
0.14530, 0.26085, 1.95122
0.13888, 0.20208, 1.87965
0.20317, 0.14153, 1.84792
0.06994, 0.13715, 1.87014
0.00640, -0.31130, 1.81318
0.04874, -0.67101, 2.00878
0.04345, -0.69503, 1.90713
0.18764, -0.32272, 1.82527
0.17456, -0.74803, 1.78065
0.17065, -0.80251, 1.68359
0.12864, 0.85632, 1.99856
0.15663, 0.66197, 2.00122
0.29434, 0.54024, 1.93705
0.01043, 0.52400, 1.96111
-0.06321, 0.26520, 1.92066
-0.06237, 0.05570, 1.79462
-0.07254, -0.00667, 1.74478
0.37971, 0.26753, 1.86855
0.36434, 0.02976, 1.75848
0.36534, -0.04716, 1.71534
0.14689, 0.26003, 1.93285
0.13935, 0.20067, 1.86165
0.20217, 0.14125, 1.83157
0.07157, 0.13748, 1.85220
0.00346, -0.30791, 1.78957
0.03773, -0.67760, 1.96502
0.02968, -0.75537, 1.94389
0.18868, -0.32409, 1.81978
0.17368, -0.75009, 1.78154
0.16880, -0.80190, 1.68599
0.12611, 0.85626, 1.98023
0.15916, 0.66343, 1.98150
0.29185, 0.54039, 1.91508
0.01718, 0.52447, 1.93689
-0.06011, 0.26707, 1.90300
-0.06186, 0.05824, 1.77556
-0.07152, -0.00193, 1.72731
0.38164, 0.26428, 1.84758
0.36635, 0.03352, 1.74205
0.36473, -0.04481, 1.69760
0.14835, 0.25793, 1.91258
0.14036, 0.19754, 1.84101
0.20146, 0.13964, 1.81335
0.07420, 0.13677, 1.83234
0.00946, -0.30230, 1.74661
0.03327, -0.67697, 1.91615
0.01181, -0.75088, 1.89923
0.19045, -0.32539, 1.81500
0.17274, -0.75165, 1.78262
0.16706, -0.80114, 1.68833
0.12152, 0.85632, 1.96511
0.16156, 0.66506, 1.96229
0.28974, 0.53951, 1.89461
0.01993, 0.52579, 1.92393
-0.05750, 0.26990, 1.88762
-0.06147, 0.06224, 1.75938
-0.06661, -0.00790, 1.69208
0.38259, 0.26128, 1.83064
0.36712, 0.03555, 1.72539
0.36402, -0.04230, 1.67994
0.15059, 0.25754, 1.89503
0.14157, 0.19647, 1.82406
0.20194, 0.13925, 1.79520
0.07617, 0.13698, 1.81611
0.01227, -0.30166, 1.72585
0.03692, -0.67125, 1.85162
-0.00090, -0.75359, 1.85558
0.19245, -0.32628, 1.81078
0.17184, -0.75263, 1.78380
0.16474, -0.79924, 1.69100
0.11531, 0.85596, 1.94895
0.16317, 0.66619, 1.94116
0.28845, 0.53767, 1.87535
0.01925, 0.52577, 1.90898
-0.05546, 0.27277, 1.87187
-0.06066, 0.06535, 1.74502
-0.06302, -0.01191, 1.67175
0.38346, 0.25826, 1.81428
0.36676, 0.03765, 1.71099
0.36288, -0.04045, 1.66454
0.15366, 0.25854, 1.87677
0.14415, 0.19708, 1.80637
0.20472, 0.13973, 1.77757
0.07904, 0.13792, 1.79724
0.02187, -0.30039, 1.69601
0.04550, -0.66146, 1.77713
-0.00832, -0.74129, 1.79411
0.19541, -0.32730, 1.80647
0.17077, -0.75321, 1.78519
0.16229, -0.79636, 1.69374
0.10876, 0.85492, 1.93163
0.16418, 0.66641, 1.92074
0.28702, 0.53472, 1.85500
0.01703, 0.52283, 1.88801
-0.05414, 0.27614, 1.85661
-0.06182, 0.07124, 1.72563
-0.05753, -0.01070, 1.64783
0.38410, 0.25567, 1.79920
0.36618, 0.03878, 1.69800
0.36167, -0.03886, 1.65190
0.15659, 0.25885, 1.85904
0.14708, 0.19704, 1.78903
0.20859, 0.13928, 1.75775
0.08167, 0.13795, 1.78214
0.03164, -0.29783, 1.67097
0.05334, -0.68110, 1.72670
0.02155, -0.75049, 1.68219
0.19834, -0.32839, 1.80246
0.16979, -0.75343, 1.78633
0.16026, -0.79369, 1.69576
0.10391, 0.85438, 1.91816
0.16377, 0.66569, 1.89964
0.28950, 0.53316, 1.83903
0.00350, 0.52788, 1.87678
-0.05352, 0.27931, 1.84063
-0.05212, 0.06262, 1.67776
-0.04702, -0.01217, 1.61820
0.38383, 0.25235, 1.78183
0.36452, 0.03762, 1.68332
0.35936, -0.03884, 1.63907
0.15885, 0.26626, 1.84087
0.14923, 0.20777, 1.76992
0.21349, 0.14503, 1.73583
0.08207, 0.14134, 1.76903
0.04148, -0.29218, 1.65053
0.04259, -0.70224, 1.64073
0.02365, -0.75967, 1.55762
0.20140, -0.33046, 1.79796
0.17186, -0.69222, 1.78721
0.16004, -0.72540, 1.69617
0.09755, 0.85134, 1.89400
0.16338, 0.66429, 1.88019
0.29512, 0.52785, 1.82109
-0.00548, 0.53166, 1.86893
-0.05396, 0.28230, 1.82351
-0.04685, 0.05689, 1.65246
-0.04093, -0.01247, 1.60138
0.38349, 0.25028, 1.76845
0.36254, 0.03637, 1.66710
0.35720, -0.03976, 1.62775
0.16031, 0.27244, 1.82657
0.15025, 0.21494, 1.75675
0.21646, 0.14865, 1.72097
0.08103, 0.14581, 1.75491
0.04932, -0.28587, 1.62983
0.03528, -0.70981, 1.54871
0.02339, -0.76084, 1.44256
0.20403, -0.33248, 1.79328
0.17302, -0.65280, 1.78672
0.15917, -0.68186, 1.69517
0.09422, 0.85030, 1.87940
0.16182, 0.66253, 1.86112
0.29892, 0.52681, 1.80851
-0.01369, 0.53519, 1.85785
-0.05499, 0.28471, 1.80467
-0.04419, 0.05278, 1.63505
-0.03618, -0.01329, 1.58793
0.38216, 0.24885, 1.75420
0.35992, 0.03408, 1.65089
0.35508, -0.04120, 1.61692
0.16048, 0.27842, 1.81236
0.15077, 0.22163, 1.74375
0.21892, 0.15248, 1.70679
0.07959, 0.15053, 1.74050
0.05420, -0.28239, 1.61870
0.03917, -0.70016, 1.45306
0.03204, -0.74869, 1.33537
0.20739, -0.33320, 1.78550
0.17337, -0.63931, 1.78636
0.15921, -0.66692, 1.69465
0.08864, 0.84876, 1.86703
0.16048, 0.66150, 1.84344
0.30160, 0.52681, 1.79362
-0.02021, 0.53661, 1.84113
-0.05695, 0.28543, 1.78329
-0.04270, 0.04779, 1.61955
-0.03358, -0.01639, 1.57597
0.38042, 0.24819, 1.74052
0.35760, 0.03075, 1.63428
0.35226, -0.04413, 1.60400
0.15985, 0.28251, 1.79574
0.15062, 0.22618, 1.72803
0.22029, 0.15519, 1.69237
0.07758, 0.15406, 1.72063
0.05921, -0.27974, 1.60723
0.04310, -0.68927, 1.39322
0.03730, -0.73782, 1.27468
0.21119, -0.33098, 1.77273
0.17386, -0.63071, 1.78568
0.15984, -0.65763, 1.69350
0.08075, 0.84671, 1.85390
0.15638, 0.66013, 1.82231
0.30091, 0.52483, 1.77127
-0.02516, 0.53688, 1.81910
-0.05940, 0.28294, 1.75897
-0.04212, 0.04456, 1.60914
-0.03290, -0.01878, 1.56625
0.37614, 0.25968, 1.72253
0.35564, 0.02614, 1.61681
0.35002, -0.04833, 1.59094
0.15842, 0.28385, 1.77608
0.14992, 0.22746, 1.70888
0.22103, 0.15609, 1.67568
0.07616, 0.15488, 1.69872
0.06551, -0.27909, 1.59628
0.04550, -0.67608, 1.34675
0.03935, -0.72188, 1.22777
0.21961, -0.30152, 1.73896
0.17529, -0.62634, 1.78326
0.16205, -0.65409, 1.69023
0.07214, 0.84459, 1.83866
0.15191, 0.65926, 1.80232
0.29987, 0.52190, 1.75238
-0.02812, 0.53423, 1.78938
-0.06169, 0.28012, 1.73492
-0.04282, 0.04212, 1.60015
-0.03370, -0.02133, 1.55821
0.37253, 0.26866, 1.70824
0.35384, 0.02238, 1.60014
0.34749, -0.05213, 1.57487
0.15413, 0.28236, 1.75373
0.14699, 0.22548, 1.68625
0.21915, 0.15390, 1.65431
0.07292, 0.15354, 1.67515
0.07148, -0.28017, 1.58522
0.04824, -0.66583, 1.31510
0.04217, -0.70736, 1.19537
0.22422, -0.28698, 1.71880
0.17912, -0.62587, 1.77805
0.16862, -0.65561, 1.68364
