0.25527, 0.72153, 3.90048
0.27255, 0.48658, 3.90830
0.35666, 0.29330, 3.78403
0.09945, 0.36169, 3.86303
0.05991, 0.06679, 3.81029
0.05718, -0.18877, 3.68367
0.04992, -0.26349, 3.66623
0.50083, 0.09520, 3.84891
0.49366, -0.18564, 3.70953
0.48395, -0.24232, 3.71141
0.28696, 0.11695, 3.86803
0.27640, 0.05827, 3.80635
0.33480, -0.01538, 3.78316
0.21906, 0.01540, 3.79809
0.21152, -0.55243, 3.61048
0.21369, -0.90021, 3.35267
0.17747, -0.89135, 3.27257
0.21149, -0.55391, 3.62646
0.20195, -0.88529, 3.34706
0.15641, -0.88534, 3.23655
0.25748, 0.67822, 3.89275
0.25892, 0.47209, 3.88816
0.36765, 0.35320, 3.80817
0.09834, 0.36163, 3.85933
0.06030, 0.07743, 3.80531
0.04880, -0.14768, 3.69396
0.04863, -0.22300, 3.66884
0.48575, 0.11590, 3.83290
0.50919, -0.09471, 3.71548
0.49749, -0.17303, 3.70407
0.27610, 0.09490, 3.84844
0.26915, 0.03460, 3.78636
0.33243, -0.02443, 3.76938
0.20965, -0.02372, 3.77670
0.21078, -0.57274, 3.56901
0.20911, -0.86589, 3.34354
0.18127, -0.89277, 3.26256
0.21057, -0.55144, 3.59946
0.19839, -0.86120, 3.34194
0.16583, -0.88704, 3.23423
0.25339, 0.66024, 3.87583
0.25064, 0.46653, 3.87472
0.39942, 0.38067, 3.81749
0.09912, 0.36007, 3.83236
0.05791, 0.07892, 3.79540
0.04627, -0.14908, 3.66949
0.04885, -0.22752, 3.65762
0.48401, 0.09916, 3.79898
0.48950, -0.14317, 3.67677
0.49331, -0.21813, 3.64184
0.26686, 0.08806, 3.83384
0.26488, 0.02837, 3.77208
0.33258, -0.02796, 3.74900
0.20148, -0.04036, 3.75928
0.22490, -0.56183, 3.57605
0.20827, -0.82336, 3.35650
0.19975, -0.86637, 3.25843
0.21011, -0.54714, 3.58546
0.20261, -0.85784, 3.33045
0.17098, -0.88741, 3.22975
0.24874, 0.65587, 3.85308
0.24005, 0.46230, 3.84625
0.41005, 0.38439, 3.79980
0.09694, 0.35902, 3.81370
0.05057, 0.08620, 3.75051
0.04589, -0.15183, 3.65031
0.05371, -0.23547, 3.61754
0.48284, 0.06977, 3.74525
0.48301, -0.15105, 3.65984
0.49223, -0.23094, 3.61500
0.25823, 0.08629, 3.80267
0.25798, 0.02759, 3.73892
0.33114, -0.03163, 3.71681
0.19016, -0.04553, 3.72090
0.22643, -0.54563, 3.55531
0.21121, -0.81851, 3.34281
0.20414, -0.86946, 3.25065
0.20780, -0.53082, 3.54087
0.20514, -0.85529, 3.32407
0.17568, -0.88810, 3.22614
0.23282, 0.65400, 3.82042
0.23052, 0.46038, 3.78873
0.41199, 0.37979, 3.77247
0.08500, 0.35471, 3.76179
0.04456, 0.08362, 3.70204
0.05233, -0.14372, 3.59741
0.05697, -0.23551, 3.59249
0.48262, 0.04640, 3.69377
0.47719, -0.17593, 3.61070
0.48872, -0.24463, 3.56057
0.25170, 0.10242, 3.75475
0.25694, 0.04669, 3.69220
0.33472, -0.01701, 3.66814
0.18731, -0.03164, 3.68024
0.22515, -0.53287, 3.53124
0.22018, -0.83990, 3.31356
0.20172, -0.88306, 3.22994
0.20326, -0.52767, 3.49648
0.20768, -0.85416, 3.31862
0.17915, -0.89355, 3.21504
0.21826, 0.65034, 3.77681
0.22564, 0.46119, 3.74582
0.40110, 0.38115, 3.72591
0.07449, 0.35437, 3.70993
0.03905, 0.08597, 3.67581
0.04787, -0.13444, 3.56140
0.05105, -0.22487, 3.53067
0.48198, 0.04121, 3.66612
0.47463, -0.18762, 3.58228
0.48738, -0.25162, 3.53711
0.24855, 0.09949, 3.70187
0.25523, 0.04371, 3.63839
0.33375, -0.02090, 3.61343
0.18618, -0.03436, 3.62626
0.21753, -0.51673, 3.49444
0.22537, -0.84094, 3.30578
0.20322, -0.88719, 3.22537
0.20093, -0.52689, 3.47081
0.21005, -0.85393, 3.31354
0.18056, -0.89808, 3.20686
0.20456, 0.65946, 3.74243
0.22003, 0.47508, 3.71218
0.39410, 0.38538, 3.69389
0.06719, 0.35740, 3.65762
0.02992, 0.09120, 3.63908
0.03407, -0.12104, 3.50917
0.03770, -0.19656, 3.47636
0.48078, 0.05434, 3.63809
0.47479, -0.18677, 3.55181
0.48801, -0.24573, 3.50803
0.24529, 0.10323, 3.67317
0.25449, 0.04638, 3.60928
0.33358, -0.01794, 3.58319
0.18600, -0.03200, 3.59649
0.20380, -0.57424, 3.41775
0.22761, -0.87764, 3.27409
0.19694, -0.90682, 3.19469
0.18909, -0.53093, 3.42694
0.21171, -0.85789, 3.29899
0.18170, -0.90436, 3.19750
0.19750, 0.66200, 3.69496
0.22023, 0.48433, 3.67427
0.38098, 0.39372, 3.64700
0.05315, 0.37769, 3.63134
0.01936, 0.13095, 3.60104
0.01609, -0.08151, 3.47180
0.02319, -0.16042, 3.43231
0.47567, 0.07394, 3.59578
0.47191, -0.18117, 3.50262
0.48261, -0.23824, 3.46310
0.24491, 0.12577, 3.63289
0.25149, 0.07134, 3.56965
0.33121, 0.00122, 3.54411
0.18195, -0.00341, 3.55605
0.19567, -0.55409, 3.37875
0.22827, -0.88384, 3.26569
0.19649, -0.91352, 3.18756
0.22720, -0.54625, 3.47623
0.21322, -0.85703, 3.29117
0.18226, -0.90881, 3.19132
0.19348, 0.67194, 3.66749
0.21135, 0.49662, 3.63438
0.37139, 0.40130, 3.60177
0.04808, 0.39156, 3.60603
0.01111, 0.14202, 3.55510
0.01659, -0.07556, 3.44152
0.02378, -0.16126, 3.40589
0.47171, 0.08314, 3.57273
0.47204, -0.17419, 3.47356
0.47009, -0.22807, 3.42188
0.23869, 0.14021, 3.59971
0.24369, 0.08596, 3.53645
0.32162, 0.01541, 3.50876
0.17527, 0.01429, 3.52369
0.20800, -0.52204, 3.39163
0.22861, -0.88787, 3.26017
0.19590, -0.91836, 3.18366
0.24948, -0.55025, 3.47921
0.21420, -0.85539, 3.28608
0.19817, -0.89827, 3.18416
0.18802, 0.68443, 3.64173
0.20801, 0.50295, 3.61726
0.36783, 0.40425, 3.57537
0.04473, 0.39924, 3.57805
0.00040, 0.15064, 3.50806
0.01944, -0.07649, 3.43138
0.02404, -0.15932, 3.38275
0.46860, 0.09406, 3.55437
0.46966, -0.16551, 3.43707
0.46471, -0.22548, 3.39994
0.23192, 0.14658, 3.57350
0.23538, 0.09235, 3.50648
0.31142, 0.02243, 3.47796
0.16586, 0.02143, 3.48648
0.21034, -0.51071, 3.38336
0.22810, -0.88999, 3.25734
0.19562, -0.92178, 3.18198
0.26206, -0.55171, 3.48225
0.21492, -0.85458, 3.28279
0.19684, -0.90245, 3.18190
0.18924, 0.71629, 3.62004
0.20260, 0.52445, 3.59357
0.36373, 0.40849, 3.55107
0.04334, 0.41118, 3.55236
-0.00355, 0.16245, 3.48633
0.01798, -0.07836, 3.39062
0.02357, -0.16123, 3.36505
0.46261, 0.10779, 3.52949
0.46954, -0.16017, 3.40661
0.46215, -0.22461, 3.38664
0.22603, 0.15386, 3.55007
0.22973, 0.09760, 3.48397
0.30487, 0.02844, 3.45835
0.16146, 0.02688, 3.46297
0.20921, -0.50457, 3.37538
0.22509, -0.88611, 3.25640
0.19583, -0.92346, 3.18390
0.31769, -0.52919, 3.47539
0.21555, -0.85568, 3.28053
0.19382, -0.90847, 3.17984
0.19350, 0.73289, 3.59568
0.20342, 0.53489, 3.57527
0.36165, 0.41337, 3.53143
0.04115, 0.41968, 3.53158
-0.00699, 0.17143, 3.47324
0.00693, -0.05232, 3.36008
0.01572, -0.14821, 3.34552
0.45581, 0.12698, 3.50864
0.46621, -0.12544, 3.37429
0.45874, -0.20546, 3.34296
0.22263, 0.16000, 3.52633
0.22575, 0.10307, 3.45980
0.30006, 0.03543, 3.43635
0.15713, 0.03126, 3.43749
0.20782, -0.50019, 3.36926
0.21946, -0.87599, 3.25963
0.19616, -0.92399, 3.18710
0.34671, -0.51989, 3.46562
0.21591, -0.85754, 3.27917
0.19003, -0.91522, 3.17933
0.19046, 0.74775, 3.56795
0.20088, 0.54525, 3.55476
0.36058, 0.41912, 3.51634
0.04218, 0.42598, 3.49514
-0.01165, 0.18309, 3.44257
0.00413, -0.05194, 3.33791
0.01273, -0.15444, 3.31692
0.44724, 0.14672, 3.47731
0.46314, -0.09733, 3.35405
0.45516, -0.18246, 3.30533
0.21737, 0.16589, 3.50120
0.22244, 0.10796, 3.43558
0.29687, 0.04134, 3.41724
0.15402, 0.03581, 3.41038
0.20652, -0.49802, 3.36309
0.21583, -0.86876, 3.26341
0.19647, -0.92384, 3.19039
0.35675, -0.51582, 3.41543
0.21676, -0.86173, 3.27924
0.18724, -0.91978, 3.17940
0.17931, 0.75413, 3.52425
0.19905, 0.55474, 3.53562
0.35422, 0.42739, 3.48715
0.03861, 0.42922, 3.46933
-0.01695, 0.18901, 3.41628
-0.00130, -0.04517, 3.31787
0.00681, -0.14377, 3.27926
0.44194, 0.15537, 3.44667
0.45774, -0.08084, 3.33268
0.45257, -0.17493, 3.28647
0.21306, 0.17189, 3.47083
0.21799, 0.11389, 3.40257
0.29069, 0.05001, 3.38089
0.15048, 0.04118, 3.37810
0.20436, -0.49958, 3.35402
0.21366, -0.86412, 3.26647
0.19680, -0.92317, 3.19366
0.35502, -0.49510, 3.34661
0.21910, -0.86781, 3.27966
0.18546, -0.92291, 3.17905
0.17799, 0.76012, 3.50737
0.19291, 0.56269, 3.48715
0.35353, 0.43320, 3.45448
0.03530, 0.43262, 3.44669
-0.02024, 0.19017, 3.39384
-0.00791, -0.04156, 3.29636
0.00120, -0.13859, 3.25020
0.44003, 0.15846, 3.42953
0.44573, -0.05724, 3.29484
0.44978, -0.16636, 3.27148
0.20781, 0.18042, 3.43847
0.21297, 0.12041, 3.37439
0.28554, 0.05729, 3.35432
0.14682, 0.04498, 3.35531
0.20006, -0.50337, 3.34261
0.21232, -0.86042, 3.26921
0.19711, -0.92230, 3.19646
0.34231, -0.47988, 3.27519
0.30712, -0.86930, 3.38074
0.24737, -0.90250, 3.27940
0.17769, 0.76389, 3.49502
0.19071, 0.56531, 3.45953
0.35147, 0.43862, 3.42421
0.03094, 0.43705, 3.42132
-0.02154, 0.18032, 3.35990
-0.01033, -0.05504, 3.24911
0.00146, -0.15480, 3.20886
0.43890, 0.16237, 3.41383
0.44050, -0.04598, 3.27714
0.44212, -0.14993, 3.23749
0.20526, 0.18477, 3.41732
0.21002, 0.12479, 3.35341
0.28247, 0.06202, 3.33459
0.14394, 0.04832, 3.33434
0.19472, -0.50611, 3.33216
0.21467, -0.85764, 3.27342
0.20336, -0.92146, 3.20621
0.32318, -0.47827, 3.22271
0.33202, -0.87519, 3.35513
0.25085, -0.90960, 3.26966
0.18032, 0.75964, 3.45248
0.18971, 0.56582, 3.43685
0.35103, 0.44105, 3.40333
0.03117, 0.44132, 3.39613
-0.02314, 0.17801, 3.34009
-0.00945, -0.05894, 3.22116
0.00387, -0.15399, 3.16683
0.43676, 0.16339, 3.39061
0.43778, -0.04128, 3.26052
0.43783, -0.14339, 3.21120
0.20315, 0.18716, 3.39600
0.20792, 0.12759, 3.33199
0.28106, 0.06525, 3.31442
0.14079, 0.05107, 3.31221
0.18844, -0.50802, 3.32216
0.21762, -0.85227, 3.27593
0.20439, -0.92135, 3.20816
0.30591, -0.48387, 3.18215
0.34596, -0.86928, 3.31227
0.32699, -0.90970, 3.22685
0.18359, 0.75567, 3.42464
0.18962, 0.56602, 3.41999
0.35174, 0.44285, 3.38840
0.03226, 0.44490, 3.37614
-0.02462, 0.17729, 3.31414
-0.00628, -0.06074, 3.18941
0.00525, -0.15428, 3.14231
0.43055, 0.16187, 3.34376
0.43722, -0.04690, 3.22789
0.43084, -0.14456, 3.17587
0.20192, 0.18894, 3.37173
0.20693, 0.13088, 3.30558
0.28109, 0.06862, 3.28860
0.13806, 0.05517, 3.27894
0.18330, -0.50933, 3.31430
0.21949, -0.84901, 3.27696
0.20515, -0.92128, 3.20941
0.29695, -0.48340, 3.13382
0.34146, -0.85792, 3.21595
0.33515, -0.90864, 3.14769
0.18656, 0.75146, 3.40116
0.18912, 0.56208, 3.39288
0.35003, 0.44223, 3.34724
0.03282, 0.44509, 3.34823
-0.02632, 0.17572, 3.29118
-0.00396, -0.06081, 3.16786
0.00573, -0.15329, 3.11963
0.42769, 0.15817, 3.31042
0.43672, -0.05465, 3.20824
0.42808, -0.14852, 3.15669
0.20170, 0.18883, 3.33686
0.20528, 0.13274, 3.26981
0.27990, 0.07165, 3.24652
0.13581, 0.05738, 3.24898
0.17800, -0.50889, 3.30452
0.22530, -0.86801, 3.27178
0.20437, -0.92225, 3.20660
0.29174, -0.48738, 3.10549
0.34530, -0.84435, 3.10150
0.35235, -0.89780, 3.01870
0.18925, 0.74839, 3.38091
0.18937, 0.56034, 3.36202
0.34985, 0.43919, 3.32239
0.03302, 0.44543, 3.31241
-0.02672, 0.17619, 3.25517
-0.00220, -0.05927, 3.14347
0.00688, -0.15315, 3.10309
0.42609, 0.15530, 3.28990
0.43454, -0.06050, 3.17695
0.42330, -0.15116, 3.12479
0.20026, 0.18794, 3.31217
0.20422, 0.13200, 3.24574
0.27924, 0.07116, 3.22470
0.13396, 0.05708, 3.22388
0.17151, -0.50753, 3.29004
0.22756, -0.87624, 3.26513
0.20150, -0.92469, 3.20212
0.28696, -0.49033, 3.08464
0.33030, -0.82309, 2.97664
0.34817, -0.87899, 2.90034
0.19118, 0.74348, 3.36364
0.19100, 0.55473, 3.32304
0.35005, 0.43637, 3.29973
0.03267, 0.44370, 3.29028
-0.02740, 0.17666, 3.24059
0.00163, -0.06067, 3.11691
0.00922, -0.14886, 3.05997
0.42469, 0.15179, 3.26832
0.42967, -0.06413, 3.14123
0.42135, -0.15488, 3.10037
0.20062, 0.18448, 3.28397
0.20436, 0.12823, 3.21924
0.27912, 0.06712, 3.20177
0.13404, 0.05361, 3.19711
0.16635, -0.51036, 3.27648
0.22778, -0.88582, 3.25832
0.19610, -0.92822, 3.19508
0.28002, -0.50693, 3.03656
0.30588, -0.80888, 2.85757
0.32496, -0.86097, 2.76241
0.18928, 0.73676, 3.32895
0.19131, 0.55182, 3.30319
0.35119, 0.43301, 3.26882
0.03311, 0.44073, 3.26620
-0.02827, 0.17753, 3.22659
0.00137, -0.05844, 3.09144
0.01047, -0.14843, 3.04077
0.41902, 0.14597, 3.22517
0.42493, -0.08091, 3.10187
0.41941, -0.17261, 3.05843
0.20032, 0.17996, 3.26015
0.20333, 0.12324, 3.19462
0.27727, 0.06053, 3.17690
0.13323, 0.04925, 3.17205
0.16140, -0.51469, 3.25667
0.22743, -0.89185, 3.25329
0.19109, -0.93120, 3.18963
0.27467, -0.51584, 2.99697
0.27177, -0.78284, 2.78847
0.29171, -0.83156, 2.68424
0.19105, 0.73348, 3.30211
0.19168, 0.54879, 3.28314
0.35391, 0.42975, 3.24741
0.03287, 0.43846, 3.24966
-0.02967, 0.18226, 3.20106
0.00166, -0.05830, 3.07051
0.01220, -0.14953, 3.02367
0.41655, 0.14102, 3.19065
0.41868, -0.10094, 3.05574
0.41823, -0.19324, 3.03057
0.20018, 0.17587, 3.23116
0.20233, 0.11952, 3.16455
0.27618, 0.05466, 3.14320
0.13174, 0.04467, 3.13931
0.16237, -0.51522, 3.20659
0.22316, -0.89547, 3.24361
0.18486, -0.93634, 3.18129
0.27069, -0.51656, 2.97121
0.26140, -0.76644, 2.75478
0.27073, -0.80422, 2.64415
0.19467, 0.73172, 3.25682
0.19434, 0.54783, 3.26483
0.35608, 0.42541, 3.20231
0.03492, 0.42982, 3.20804
-0.03055, 0.17232, 3.15508
0.00115, -0.05997, 3.04599
0.01348, -0.15118, 3.00392
0.41514, 0.13948, 3.17169
0.41633, -0.10817, 3.03716
0.41810, -0.20261, 3.01218
0.20240, 0.17277, 3.20779
0.20365, 0.11622, 3.14041
0.27702, 0.05110, 3.12071
0.13261, 0.04169, 3.11571
0.16289, -0.51532, 3.18119
0.21620, -0.89613, 3.23227
0.17923, -0.94073, 3.17280
0.26439, -0.50139, 2.94285
0.24905, -0.74817, 2.70988
0.25984, -0.78539, 2.59971
0.19684, 0.73199, 3.23711
0.19696, 0.54465, 3.21391
0.35773, 0.42353, 3.18351
0.03558, 0.42701, 3.19349
-0.03081, 0.16933, 3.13942
0.00094, -0.06070, 3.03497
0.01391, -0.15217, 2.99394
0.41640, 0.13644, 3.14403
0.41580, -0.11002, 3.02378
0.41535, -0.19903, 2.97943
0.20263, 0.17203, 3.17902
0.20279, 0.11404, 3.11633
0.27423, 0.04765, 3.08924
0.13237, 0.03974, 3.10055
0.17885, -0.51272, 3.08396
0.21030, -0.89432, 3.22362
0.17533, -0.94307, 3.16716
0.26054, -0.46056, 2.91850
0.24389, -0.74389, 2.69914
0.25308, -0.78467, 2.59049
0.20071, 0.73281, 3.20248
0.19868, 0.54305, 3.18996
0.35962, 0.41841, 3.14603
0.03716, 0.42574, 3.17557
-0.03097, 0.16815, 3.12987
0.00042, -0.06208, 3.02513
0.01384, -0.15372, 2.98586
0.41603, 0.13369, 3.09638
0.41696, -0.10442, 2.99709
0.41435, -0.20040, 2.95898
0.20100, 0.16921, 3.14720
0.19684, 0.11118, 3.07892
0.26613, 0.04402, 3.04999
0.12517, 0.03810, 3.06423
0.18697, -0.51237, 3.03125
0.20408, -0.89360, 3.21502
0.16761, -0.94902, 3.16063
0.25291, -0.45000, 2.88532
0.23901, -0.74379, 2.68203
0.24709, -0.78853, 2.57472
0.20368, 0.73476, 3.17692
0.19722, 0.54208, 3.15682
0.36069, 0.41588, 3.11710
0.03827, 0.42674, 3.16096
-0.02819, 0.16656, 3.11394
-0.00129, -0.06664, 3.00663
0.01091, -0.15863, 2.96986
0.41631, 0.13461, 3.06942
0.41642, -0.09449, 2.96931
0.41438, -0.19432, 2.92661
0.20049, 0.17286, 3.11630
0.19432, 0.11480, 3.05078
0.26300, 0.04835, 3.02173
0.12304, 0.04078, 3.03876
0.14800, -0.51599, 3.09620
0.18893, -0.86020, 3.18981
0.16687, -0.89356, 3.10238
0.24415, -0.46163, 2.85076
0.22998, -0.75158, 2.65769
0.23789, -0.79629, 2.54788
0.20666, 0.74079, 3.12892
0.20379, 0.54465, 3.10801
0.36128, 0.41618, 3.07663
0.04125, 0.43103, 3.11593
-0.02553, 0.17023, 3.09352
-0.00339, -0.07014, 2.99044
0.00845, -0.16208, 2.95969
0.41794, 0.13551, 3.04641
0.42072, -0.08282, 2.93392
0.41240, -0.18589, 2.89094
0.19891, 0.17696, 3.07532
0.19171, 0.11844, 3.01255
0.25887, 0.05129, 2.99191
0.12093, 0.04550, 2.99903
0.13647, -0.49467, 3.06615
0.17458, -0.83587, 3.21246
0.16610, -0.91163, 3.13705
0.25120, -0.48625, 2.79375
0.22841, -0.77961, 2.65329
0.23698, -0.81939, 2.54202
0.20890, 0.74356, 3.11056
0.20725, 0.54599, 3.08323
0.36209, 0.41880, 3.04677
0.04469, 0.43663, 3.07931
-0.02226, 0.17494, 3.06459
-0.00784, -0.07583, 2.96100
0.00558, -0.17537, 2.92955
0.41990, 0.15028, 2.99925
0.42510, -0.07703, 2.89587
0.42076, -0.18104, 2.84789
0.19817, 0.17677, 3.03826
0.19012, 0.11912, 2.97212
0.25448, 0.05369, 2.94520
0.11988, 0.04602, 2.95980
0.12817, -0.48824, 3.06068
0.17165, -0.83995, 3.20320
0.16166, -0.93007, 3.14591
0.25789, -0.48166, 2.76150
0.22732, -0.78724, 2.64777
0.23699, -0.83302, 2.53736
0.21225, 0.74850, 3.08249
0.21286, 0.54875, 3.05928
0.36206, 0.42465, 3.01495
0.04817, 0.44196, 3.04644
-0.01794, 0.18134, 3.03065
-0.01074, -0.07850, 2.94090
0.00204, -0.17883, 2.90977
0.42373, 0.15609, 2.96328
0.42799, -0.07200, 2.86132
0.42433, -0.18004, 2.82918
0.20256, 0.18064, 3.00352
0.19435, 0.12486, 2.93599
0.25661, 0.05971, 2.91407
0.12558, 0.05436, 2.91428
0.12224, -0.49112, 3.04672
0.16928, -0.86226, 3.18134
0.15998, -0.95650, 3.15303
0.26015, -0.48044, 2.74137
0.22668, -0.79185, 2.64400
0.23685, -0.84185, 2.53492
0.21656, 0.75793, 3.04234
0.21327, 0.55605, 3.02364
0.36739, 0.43374, 2.98528
0.05138, 0.44742, 3.01842
-0.01407, 0.18347, 2.98027
-0.01592, -0.07936, 2.89704
-0.00537, -0.17715, 2.87112
0.42886, 0.16574, 2.93352
0.43068, -0.06965, 2.81273
0.42737, -0.18134, 2.79356
0.20533, 0.18626, 2.97191
0.19757, 0.13073, 2.90494
0.26288, 0.06758, 2.86852
0.12786, 0.05819, 2.89139
0.12137, -0.49301, 2.98217
0.16653, -0.86110, 3.15256
0.16134, -0.91409, 3.07613
0.26098, -0.48044, 2.72984
0.22663, -0.79500, 2.64131
0.23696, -0.84817, 2.53383
0.21953, 0.76727, 3.02179
0.21730, 0.56613, 2.99557
0.37374, 0.44551, 2.95538
0.05263, 0.45694, 2.98646
-0.01143, 0.18743, 2.95687
-0.01777, -0.07668, 2.87328
-0.01088, -0.17356, 2.84923
0.43370, 0.17637, 2.90463
0.43299, -0.06836, 2.78816
0.42889, -0.17935, 2.75719
0.20759, 0.19440, 2.94381
0.19999, 0.13895, 2.87699
0.26517, 0.07230, 2.84641
0.12931, 0.06794, 2.85805
0.11671, -0.49121, 2.92898
0.16392, -0.85547, 3.12818
0.15958, -0.89336, 3.03506
0.26127, -0.47911, 2.72199
0.22712, -0.79699, 2.63941
0.23727, -0.85273, 2.53357
0.22022, 0.77541, 3.00573
0.21955, 0.57343, 2.97707
0.37590, 0.45470, 2.93324
0.05282, 0.46252, 2.96906
-0.00922, 0.19165, 2.93523
-0.01872, -0.06543, 2.84270
-0.01912, -0.15621, 2.79962
0.44013, 0.18525, 2.86797
0.43356, -0.06582, 2.75553
0.43151, -0.17607, 2.73809
0.20924, 0.20029, 2.92214
0.20119, 0.14493, 2.85497
0.26650, 0.07745, 2.82179
0.12994, 0.07318, 2.83930
0.10393, -0.48756, 2.87245
0.15497, -0.84604, 3.08303
0.14938, -0.87121, 2.97791
0.26042, -0.47717, 2.71666
0.22782, -0.79841, 2.63784
0.23756, -0.85657, 2.53370
0.22297, 0.78366, 2.97364
0.22270, 0.57936, 2.95323
0.37375, 0.45804, 2.88720
0.05133, 0.46928, 2.94476
-0.00440, 0.19615, 2.90467
-0.01693, -0.05328, 2.79890
-0.02250, -0.14458, 2.76588
0.44319, 0.19203, 2.84383
0.43409, -0.06092, 2.73322
0.43496, -0.16208, 2.69454
0.21156, 0.20548, 2.89806
0.20174, 0.15005, 2.83153
0.26700, 0.08119, 2.79569
0.12985, 0.07801, 2.82100
0.09016, -0.45873, 2.80078
0.14327, -0.80882, 3.02309
0.13312, -0.82973, 2.91433
0.25860, -0.47233, 2.71177
0.22870, -0.79909, 2.63678
0.23779, -0.85934, 2.53427
0.22389, 0.78960, 2.95848
0.22460, 0.58670, 2.91840
0.37515, 0.46095, 2.86544
0.05089, 0.47584, 2.92454
-0.00165, 0.19843, 2.87688
-0.01658, -0.04069, 2.76758
-0.02294, -0.13041, 2.71654
0.44668, 0.19980, 2.81010
0.43635, -0.05659, 2.70588
0.43630, -0.15544, 2.66815
0.21382, 0.21197, 2.86734
0.20337, 0.15614, 2.80142
0.26989, 0.08462, 2.76933
0.12939, 0.08484, 2.78868
0.08270, -0.43029, 2.73769
0.13139, -0.77915, 2.96069
0.11959, -0.80104, 2.85288
0.25617, -0.46723, 2.70733
0.22967, -0.79917, 2.63619
0.23794, -0.86167, 2.53702
0.22387, 0.79673, 2.94164
0.22531, 0.59212, 2.89980
0.37531, 0.46618, 2.83958
0.05219, 0.47621, 2.88800
-0.00032, 0.20043, 2.85539
-0.01743, -0.01784, 2.72785
-0.02367, -0.11668, 2.67738
0.44921, 0.20329, 2.78714
0.43162, -0.05062, 2.66588
0.43444, -0.15003, 2.63580
0.21528, 0.21464, 2.84566
0.20491, 0.15811, 2.77823
0.27305, 0.08615, 2.74184
0.12983, 0.08726, 2.76978
0.07862, -0.41472, 2.69298
0.11429, -0.77062, 2.90027
0.09483, -0.85400, 2.86922
0.25379, -0.46228, 2.70256
0.23068, -0.79882, 2.63598
0.23809, -0.86330, 2.54021
0.22054, 0.80629, 2.92333
0.22727, 0.59944, 2.88168
0.37560, 0.47141, 2.81720
0.05197, 0.47677, 2.87080
0.00112, 0.20614, 2.83108
-0.01704, -0.00702, 2.70273
-0.02255, -0.11048, 2.65384
0.45024, 0.20672, 2.76508
0.43057, -0.04805, 2.65014
0.43411, -0.14475, 2.61439
0.21710, 0.21945, 2.82400
0.20566, 0.16243, 2.75640
0.27447, 0.09041, 2.71785
0.12958, 0.09141, 2.74962
0.08196, -0.41010, 2.64850
0.10105, -0.77687, 2.83720
0.07001, -0.85471, 2.81076
0.25240, -0.45696, 2.69641
0.23169, -0.79814, 2.63595
0.23827, -0.86423, 2.54276
0.21907, 0.81365, 2.89397
0.22744, 0.60479, 2.85701
0.37616, 0.47670, 2.79927
0.05262, 0.48313, 2.84880
0.00164, 0.21203, 2.80040
-0.01632, 0.00147, 2.68002
-0.01772, -0.09929, 2.61875
0.45116, 0.21073, 2.74176
0.43150, -0.04567, 2.63333
0.43472, -0.13981, 2.59728
0.21790, 0.22593, 2.79883
0.20683, 0.16939, 2.73082
0.27644, 0.09793, 2.69115
0.13036, 0.09825, 2.72447
0.08457, -0.40946, 2.62137
0.10616, -0.78412, 2.75017
0.05992, -0.86408, 2.73699
0.25153, -0.45342, 2.68963
0.23245, -0.79773, 2.63579
0.23842, -0.86473, 2.54481
0.21768, 0.81674, 2.87671
0.22785, 0.60845, 2.83053
0.37733, 0.48256, 2.78280
0.05378, 0.48912, 2.82765
0.00172, 0.21523, 2.78148
-0.01471, 0.00864, 2.65653
-0.01529, -0.09233, 2.59451
0.45102, 0.21300, 2.71016
0.43621, -0.03254, 2.61365
0.43484, -0.12568, 2.56352
0.21946, 0.23072, 2.77693
0.20897, 0.17417, 2.70968
0.27836, 0.10283, 2.67191
0.13335, 0.10280, 2.70253
0.09756, -0.42077, 2.58569
0.10616, -0.79539, 2.67242
0.04667, -0.86998, 2.65195
0.25176, -0.45126, 2.68175
0.23305, -0.79739, 2.63570
0.23856, -0.86488, 2.54667
0.21614, 0.81804, 2.85196
0.22633, 0.61012, 2.80949
0.37732, 0.48795, 2.75645
0.05358, 0.49404, 2.80929
0.00153, 0.21895, 2.76358
-0.01358, 0.01320, 2.63897
-0.01376, -0.08677, 2.57526
0.45124, 0.21624, 2.69059
0.43603, -0.03186, 2.58651
0.43397, -0.12291, 2.54280
0.22017, 0.23420, 2.75634
0.20968, 0.17801, 2.68946
0.27908, 0.10710, 2.65051
0.13477, 0.10620, 2.68318
0.10770, -0.42426, 2.55793
0.11255, -0.80450, 2.58964
0.04636, -0.86996, 2.55094
0.25220, -0.44956, 2.66957
0.22855, -0.79936, 2.63432
0.23606, -0.86425, 2.54973
0.21540, 0.81874, 2.83035
0.22494, 0.61188, 2.79105
0.37833, 0.49160, 2.73779
0.05226, 0.49977, 2.78814
0.00170, 0.22352, 2.74367
-0.01167, 0.01694, 2.62040
-0.01231, -0.07831, 2.54954
0.45039, 0.21997, 2.66565
0.43683, -0.02353, 2.56623
0.43296, -0.11880, 2.52161
0.22006, 0.23718, 2.73581
0.21021, 0.18144, 2.66860
0.28003, 0.11024, 2.63055
0.13550, 0.10919, 2.65994
0.11664, -0.42187, 2.52547
0.11792, -0.80197, 2.51042
0.07592, -0.86073, 2.45712
0.25282, -0.44842, 2.65824
0.22676, -0.80018, 2.63315
0.23511, -0.86396, 2.55150
0.21178, 0.81691, 2.80622
0.22183, 0.61190, 2.76269
0.37452, 0.49411, 2.70529
0.05021, 0.50093, 2.75457
0.00185, 0.22381, 2.70877
-0.00368, 0.01655, 2.57976
-0.00927, -0.07936, 2.52394
0.44743, 0.22125, 2.64041
0.43895, -0.01429, 2.54825
0.43201, -0.11069, 2.49758
0.21956, 0.23606, 2.70555
0.21032, 0.18014, 2.63795
0.28013, 0.11025, 2.60285
0.13676, 0.10798, 2.63005
0.12174, -0.42192, 2.50384
0.10602, -0.78772, 2.40940
0.07009, -0.84675, 2.34266
0.25425, -0.44849, 2.65051
0.22520, -0.80121, 2.63119
0.23476, -0.86391, 2.55258
0.21041, 0.81523, 2.77630
0.21902, 0.61267, 2.73805
0.37381, 0.49485, 2.68823
0.04757, 0.50241, 2.72925
0.00161, 0.22437, 2.68942
-0.00036, 0.01593, 2.56193
-0.00548, -0.07967, 2.50564
0.44410, 0.22024, 2.61433
0.43546, -0.00740, 2.51341
0.42899, -0.10960, 2.47283
0.21822, 0.23588, 2.68478
0.21008, 0.17955, 2.61749
0.28048, 0.10923, 2.58299
0.13653, 0.10731, 2.60789
0.12779, -0.42391, 2.48637
0.10089, -0.77381, 2.31128
0.06863, -0.83002, 2.22837
0.24761, -0.45132, 2.61832
0.22416, -0.80193, 2.62964
0.23478, -0.86404, 2.55330
0.20837, 0.81212, 2.75144
0.21671, 0.61144, 2.71097
0.37105, 0.49360, 2.66274
0.04491, 0.49852, 2.69361
0.00008, 0.22360, 2.65387
0.00168, 0.01129, 2.54284
-0.00084, -0.08519, 2.48819
0.44195, 0.21751, 2.59279
0.43135, -0.00973, 2.48885
0.42839, -0.10881, 2.44908
0.21521, 0.23055, 2.65434
0.20810, 0.17325, 2.58621
0.27930, 0.10197, 2.55338
0.13422, 0.10301, 2.57737
0.12707, -0.42259, 2.43913
0.09778, -0.76527, 2.22303
0.07367, -0.80888, 2.14089
0.24274, -0.45247, 2.59680
0.22400, -0.80293, 2.62741
0.23562, -0.86443, 2.55332
0.20556, 0.80686, 2.71671
0.21185, 0.60882, 2.68203
0.36493, 0.48993, 2.63279
0.04306, 0.49552, 2.67062
-0.00186, 0.22015, 2.62037
0.00142, 0.00339, 2.51643
0.00100, -0.09375, 2.46237
0.43881, 0.21189, 2.56517
0.42782, -0.01611, 2.46583
0.42544, -0.11312, 2.42131
0.21329, 0.22487, 2.62947
0.20649, 0.16649, 2.56159
0.27724, 0.09458, 2.53002
0.13399, 0.09820, 2.55263
0.12206, -0.42573, 2.38141
0.10073, -0.76352, 2.14743
0.06476, -0.79111, 2.04302
0.21815, -0.46824, 2.53327
0.22499, -0.80459, 2.62393
0.23796, -0.86589, 2.55121
0.20314, 0.80365, 2.69378
0.20677, 0.60660, 2.65255
0.36061, 0.48734, 2.60886
0.04063, 0.49176, 2.63802
-0.00355, 0.21889, 2.59695
0.00031, -0.00108, 2.49663
0.00189, -0.09906, 2.44629
0.43654, 0.20803, 2.54389
0.42197, -0.02665, 2.43951
0.42323, -0.11750, 2.40319
0.21027, 0.21902, 2.60392
0.20481, 0.15947, 2.53656
0.27512, 0.08780, 2.50728
0.13384, 0.09205, 2.52675
0.12421, -0.44373, 2.32947
0.10923, -0.76169, 2.07668
0.06125, -0.77231, 1.97345
0.20044, -0.47707, 2.47642
0.22704, -0.80572, 2.62003
0.24218, -0.86819, 2.54706
0.19955, 0.79987, 2.67053
0.20175, 0.60403, 2.62719
0.35854, 0.48477, 2.58633
0.03847, 0.48610, 2.60618
-0.00628, 0.21241, 2.55608
-0.00338, -0.01183, 2.46843
0.00050, -0.11082, 2.41969
0.43490, 0.20549, 2.52493
0.41979, -0.02804, 2.42496
0.42079, -0.12121, 2.38389
0.20689, 0.21305, 2.57658
0.20305, 0.15270, 2.50894
0.27341, 0.08059, 2.48059
0.13320, 0.08524, 2.49557
0.12603, -0.44892, 2.30829
0.11134, -0.75554, 2.03399
0.06043, -0.75774, 1.92941
0.26803, -0.50150, 2.56391
0.23130, -0.80833, 2.61513
0.24708, -0.87088, 2.53999
0.19479, 0.79604, 2.64333
0.19444, 0.60129, 2.58593
0.35696, 0.48195, 2.56114
0.03554, 0.48188, 2.57459
-0.00812, 0.21074, 2.52981
-0.00654, -0.01488, 2.43497
-0.00140, -0.11584, 2.39282
0.43292, 0.20363, 2.50326
0.41778, -0.03414, 2.39875
0.41902, -0.12694, 2.35847
0.20394, 0.21079, 2.54910
0.20181, 0.14952, 2.48314
0.27254, 0.07655, 2.45595
0.13284, 0.08241, 2.47127
0.13230, -0.45308, 2.27741
0.11817, -0.74757, 2.03615
0.07278, -0.75484, 1.92931
0.27950, -0.50888, 2.56030
0.24238, -0.82524, 2.57493
0.26260, -0.89232, 2.51794
0.18519, 0.79395, 2.60393
0.19069, 0.60079, 2.56340
0.35326, 0.47718, 2.52615
0.03096, 0.47743, 2.54349
-0.01131, 0.20570, 2.49349
-0.00976, -0.02194, 2.40902
-0.00600, -0.12288, 2.35937
0.42735, 0.20017, 2.46938
0.41427, -0.04125, 2.37049
0.41547, -0.13150, 2.33724
0.20146, 0.20909, 2.52006
0.20011, 0.14758, 2.45304
0.27162, 0.07460, 2.42466
0.13137, 0.07969, 2.44080
0.12956, -0.44006, 2.23455
0.12675, -0.73921, 2.03350
0.10227, -0.75067, 1.95283
0.29389, -0.50753, 2.56626
0.24595, -0.82958, 2.55443
0.27154, -0.90093, 2.51271
0.17951, 0.79224, 2.58247
0.18325, 0.60032, 2.52865
0.34842, 0.47590, 2.49951
0.02968, 0.47341, 2.50215
-0.01504, 0.20319, 2.46755
-0.01793, -0.02246, 2.36647
-0.01232, -0.12028, 2.31223
0.42179, 0.19783, 2.43965
0.41326, -0.04037, 2.35305
0.41172, -0.13383, 2.31511
0.19324, 0.20826, 2.48166
0.19383, 0.14678, 2.41495
0.26520, 0.07509, 2.38773
0.12627, 0.08007, 2.40492
0.12859, -0.42989, 2.20865
0.13479, -0.73038, 2.03025
0.11496, -0.74968, 1.95311
0.30197, -0.48289, 2.54219
0.25076, -0.81625, 2.53257
0.27981, -0.89554, 2.51041
0.17273, 0.79156, 2.54337
0.17746, 0.60064, 2.49902
0.34194, 0.47719, 2.46810
0.02341, 0.47291, 2.47430
-0.02564, 0.20688, 2.43186
-0.02591, -0.01537, 2.32219
-0.01638, -0.11217, 2.26816
0.41661, 0.19768, 2.41311
0.41196, -0.03635, 2.33073
0.40856, -0.13462, 2.29409
0.18776, 0.21007, 2.45304
0.18850, 0.14896, 2.38617
0.26073, 0.07721, 2.35923
0.11950, 0.08235, 2.37337
0.12947, -0.41618, 2.19399
0.13953, -0.72429, 2.03626
0.12449, -0.75479, 1.97135
0.29762, -0.46108, 2.50387
0.24598, -0.78705, 2.48956
0.30425, -0.84147, 2.47874
0.16535, 0.79256, 2.50585
0.16945, 0.60184, 2.46496
0.33355, 0.47915, 2.43293
0.01417, 0.47408, 2.44672
-0.03571, 0.20774, 2.39466
-0.03382, -0.01368, 2.28629
-0.02627, -0.10532, 2.22176
0.41156, 0.20036, 2.38731
0.40970, -0.02950, 2.30459
0.40486, -0.13261, 2.27145
0.18084, 0.21531, 2.41605
0.18103, 0.15562, 2.34833
0.25416, 0.08519, 2.31914
0.11161, 0.08675, 2.33655
0.12866, -0.39875, 2.17438
0.14190, -0.72030, 2.03683
0.12882, -0.75915, 1.97890
0.29080, -0.44135, 2.46231
0.24099, -0.76035, 2.44044
0.25748, -0.78969, 2.36617
0.15767, 0.79634, 2.48055
0.16365, 0.60619, 2.43907
0.31988, 0.48467, 2.39636
0.00314, 0.47944, 2.41394
-0.04486, 0.21385, 2.36037
-0.04068, -0.00458, 2.24594
-0.03215, -0.09872, 2.18970
0.40611, 0.20386, 2.36125
0.40618, -0.02075, 2.26917
0.39898, -0.12540, 2.23218
0.17405, 0.22084, 2.38223
0.17343, 0.16220, 2.31279
0.24616, 0.09300, 2.28362
0.10375, 0.09386, 2.29792
0.11747, -0.37175, 2.13387
0.14321, -0.71749, 2.03639
0.13159, -0.76365, 1.98263
0.27981, -0.42591, 2.41168
0.25777, -0.79078, 2.50504
0.26346, -0.86049, 2.46754
0.14999, 0.80265, 2.46009
0.15906, 0.61317, 2.41496
0.30188, 0.49212, 2.35836
-0.00437, 0.48490, 2.38720
-0.05340, 0.21995, 2.31685
-0.04484, -0.00104, 2.21463
-0.03802, -0.09408, 2.15624
0.39850, 0.20937, 2.32999
0.40458, -0.01700, 2.24894
0.39680, -0.12310, 2.21365
0.16854, 0.22549, 2.35068
0.16630, 0.16706, 2.28000
0.23740, 0.10048, 2.24966
0.09749, 0.09949, 2.26651
0.11176, -0.35922, 2.11468
0.14360, -0.71503, 2.03509
0.13293, -0.76861, 1.98406
0.27228, -0.41674, 2.35720
0.25945, -0.78577, 2.48628
0.25778, -0.87311, 2.47519
0.14262, 0.80936, 2.44050
0.15306, 0.62103, 2.38598
0.29420, 0.49724, 2.33699
-0.01552, 0.49532, 2.35485
-0.05948, 0.22581, 2.28551
-0.05199, 0.01044, 2.16767
-0.04406, -0.08687, 2.12018
0.39242, 0.21537, 2.30447
0.40189, -0.00786, 2.21275
0.39651, -0.11514, 2.18109
0.16197, 0.23311, 2.31955
0.16022, 0.17524, 2.24900
0.23083, 0.11008, 2.21846
0.09159, 0.10716, 2.23357
0.10773, -0.35170, 2.10117
0.14317, -0.71306, 2.03301
0.13353, -0.77307, 1.98382
0.27030, -0.40735, 2.29523
0.26099, -0.78792, 2.48227
0.25142, -0.84606, 2.40945
0.13664, 0.81938, 2.41250
0.14865, 0.62726, 2.36761
0.28693, 0.50360, 2.30876
-0.02202, 0.50344, 2.33204
-0.06586, 0.23321, 2.25470
-0.05597, 0.01898, 2.13381
-0.04935, -0.07995, 2.08944
0.38644, 0.21995, 2.27516
0.39919, -0.00500, 2.18918
0.39579, -0.11163, 2.15532
0.15661, 0.23996, 2.29197
0.15384, 0.18348, 2.21934
0.22473, 0.11945, 2.18883
0.08428, 0.11579, 2.20024
0.10519, -0.34839, 2.09163
0.14224, -0.71153, 2.03034
0.13367, -0.77675, 1.98268
0.26612, -0.39388, 2.22870
0.26546, -0.77012, 2.45769
0.25140, -0.81315, 2.36483
0.12945, 0.83099, 2.38076
0.14310, 0.63771, 2.33645
0.28200, 0.51060, 2.28767
-0.02818, 0.51354, 2.29953
-0.07213, 0.23915, 2.22458
-0.06049, 0.02513, 2.10305
-0.05494, -0.07547, 2.06239
0.38157, 0.22463, 2.25259
0.39320, 0.00184, 2.14838
0.39061, -0.10350, 2.11396
0.15161, 0.24623, 2.26663
0.14982, 0.18914, 2.19540
0.22048, 0.12620, 2.16574
0.08077, 0.12042, 2.17765
0.10448, -0.34801, 2.08465
0.14102, -0.71059, 2.02761
0.13342, -0.77971, 1.98089
0.26446, -0.37579, 2.16312
0.26949, -0.74076, 2.41373
0.25830, -0.77173, 2.30680
0.12705, 0.83869, 2.35937
0.13857, 0.64453, 2.31615
0.27767, 0.51635, 2.26464
-0.03025, 0.52127, 2.27281
-0.07940, 0.24554, 2.19865
-0.06408, 0.03020, 2.08073
-0.05879, -0.06713, 2.03114
0.37546, 0.22910, 2.22701
0.38942, 0.00529, 2.12596
0.38791, -0.09822, 2.08704
0.14672, 0.25144, 2.24108
0.14569, 0.19447, 2.16901
0.21651, 0.13217, 2.14423
0.07709, 0.12669, 2.14505
0.10506, -0.35034, 2.07869
0.13974, -0.70968, 2.02498
0.13312, -0.78168, 1.97947
0.26676, -0.35955, 2.10568
0.27359, -0.72260, 2.34833
0.26604, -0.74792, 2.23704
0.12645, 0.84652, 2.33136
0.13118, 0.65171, 2.28891
0.27384, 0.52202, 2.24284
-0.03155, 0.52775, 2.24854
-0.08634, 0.25477, 2.17490
-0.06892, 0.04034, 2.05475
-0.06079, -0.05912, 2.00949
0.36924, 0.23309, 2.20239
0.38039, 0.01115, 2.08806
0.37970, -0.07603, 2.04751
0.14238, 0.25609, 2.21775
0.14253, 0.19852, 2.14653
0.21303, 0.13731, 2.12351
0.07511, 0.13050, 2.12360
0.10667, -0.35463, 2.07330
0.13864, -0.70902, 2.02281
0.13275, -0.78301, 1.97808
0.26546, -0.34527, 2.05450
0.27452, -0.70988, 2.27833
0.27912, -0.79371, 2.25386
0.12669, 0.85406, 2.30500
0.12641, 0.65853, 2.26448
0.27187, 0.52679, 2.21975
-0.03288, 0.53325, 2.22321
-0.09292, 0.26591, 2.15113
-0.07150, 0.04764, 2.03519
-0.06212, -0.04977, 1.98893
0.36192, 0.23786, 2.17566
0.37268, 0.01705, 2.06011
0.37388, -0.06576, 2.01729
0.13755, 0.26214, 2.19272
0.13851, 0.20431, 2.12160
0.20887, 0.14350, 2.09854
0.07149, 0.13598, 2.09971
0.10842, -0.36127, 2.06737
0.13768, -0.70846, 2.02103
0.13252, -0.78394, 1.97720
0.26246, -0.33569, 2.01283
0.27273, -0.71114, 2.19772
0.29397, -0.79459, 2.19304
0.12614, 0.85939, 2.28342
0.12384, 0.66354, 2.24267
0.27067, 0.53006, 2.19590
-0.03252, 0.53641, 2.19388
-0.09776, 0.27430, 2.13049
-0.07429, 0.05269, 2.01253
-0.06353, -0.04219, 1.96872
0.35523, 0.24566, 2.15205
0.36651, 0.02486, 2.03810
0.36954, -0.05997, 1.98828
0.13278, 0.26603, 2.17044
0.13427, 0.20785, 2.09920
0.20419, 0.14726, 2.07609
0.06730, 0.13963, 2.07828
0.10913, -0.36721, 2.06175
0.13692, -0.70808, 2.01966
0.13226, -0.78457, 1.97640
0.25732, -0.33045, 1.97421
0.27280, -0.71885, 2.12172
0.30075, -0.80820, 2.11603
0.12507, 0.86352, 2.26486
0.12145, 0.66801, 2.21560
0.27013, 0.53185, 2.17293
-0.03279, 0.53906, 2.17220
-0.10172, 0.27979, 2.11061
-0.07567, 0.05546, 1.99098
-0.06492, -0.03667, 1.94964
0.35041, 0.25183, 2.13131
0.36193, 0.03162, 2.01797
0.36721, -0.05700, 1.96783
0.12837, 0.26932, 2.14778
0.12998, 0.21051, 2.07700
0.19974, 0.14989, 2.05370
0.06269, 0.14210, 2.05710
0.10862, -0.37405, 2.05621
0.13645, -0.70800, 2.01869
0.13434, -0.75963, 1.94081
0.24985, -0.34586, 1.94979
0.26005, -0.71925, 2.04341
0.29724, -0.80352, 2.02879
0.12009, 0.86625, 2.22781
0.11932, 0.67019, 2.19263
0.26992, 0.53411, 2.15471
-0.03419, 0.54111, 2.15197
-0.10392, 0.28290, 2.09508
-0.07573, 0.05635, 1.97058
-0.06520, -0.03185, 1.93065
0.34465, 0.25717, 2.10699
0.35793, 0.03811, 1.99342
0.36296, -0.05439, 1.93994
0.12453, 0.27171, 2.12741
0.12637, 0.21257, 2.05697
0.19640, 0.15169, 2.03427
0.05828, 0.14366, 2.03651
0.10599, -0.38409, 2.05016
0.13613, -0.70839, 2.01768
0.14022, -0.76854, 1.94808
0.23783, -0.35674, 1.91990
0.24375, -0.71311, 1.96938
0.27221, -0.79090, 1.93728
0.11872, 0.86652, 2.20167
0.11714, 0.66985, 2.16691
0.27286, 0.53600, 2.13565
-0.03533, 0.54194, 2.12938
-0.10602, 0.28492, 2.07508
-0.07600, 0.05728, 1.95382
-0.06568, -0.02967, 1.91381
0.34063, 0.26305, 2.08822
0.35366, 0.04433, 1.96648
0.36039, -0.05110, 1.92046
0.12127, 0.27402, 2.10735
0.12347, 0.21481, 2.03759
0.19432, 0.15300, 2.01467
0.05427, 0.14494, 2.01688
0.10325, -0.39111, 2.04588
0.13600, -0.70944, 2.01647
0.14085, -0.77601, 1.95282
0.22751, -0.35935, 1.89081
0.23704, -0.69824, 1.89387
0.26610, -0.76983, 1.85115
0.11760, 0.86512, 2.16720
0.11564, 0.66896, 2.14506
0.27594, 0.53645, 2.11084
-0.03505, 0.54194, 2.10686
-0.10795, 0.28505, 2.05776
-0.07561, 0.05672, 1.93414
-0.06552, -0.02816, 1.89793
0.33644, 0.26832, 2.06438
0.35088, 0.04806, 1.94676
0.35614, -0.04841, 1.89377
0.11874, 0.27442, 2.08426
0.12076, 0.21533, 2.01434
0.19225, 0.15261, 1.99256
0.05066, 0.14518, 1.99291
0.10100, -0.39582, 2.04290
0.13599, -0.71238, 2.01454
0.13936, -0.78366, 1.95573
0.21794, -0.35558, 1.86563
0.23790, -0.67382, 1.80636
0.25088, -0.71925, 1.72596
0.11705, 0.86160, 2.13050
0.11508, 0.66590, 2.11815
0.27813, 0.53557, 2.08656
-0.03780, 0.53995, 2.08377
-0.10944, 0.28390, 2.04021
-0.07553, 0.05559, 1.91772
-0.06544, -0.02861, 1.88210
0.33375, 0.27054, 2.03798
0.34632, 0.05086, 1.91837
0.34896, -0.04627, 1.86001
0.11653, 0.27462, 2.06253
0.11814, 0.21564, 1.99317
0.19015, 0.15165, 1.96847
0.04699, 0.14460, 1.97290
0.09860, -0.39906, 2.03953
0.13600, -0.71556, 2.01269
0.13699, -0.78971, 1.95777
0.20935, -0.34902, 1.84922
0.23947, -0.70239, 1.71139
0.24152, -0.73156, 1.60813
0.11658, 0.85956, 2.10879
0.11371, 0.66253, 2.09222
0.27935, 0.53239, 2.05687
-0.04152, 0.53724, 2.06323
-0.11018, 0.27988, 2.01843
-0.07569, 0.05499, 1.90409
-0.06506, -0.03074, 1.86744
0.33224, 0.27038, 2.01340
0.34172, 0.05044, 1.89335
0.34444, -0.04791, 1.83877
0.11409, 0.27327, 2.03972
0.11454, 0.21430, 1.97091
0.18748, 0.14913, 1.94757
0.04176, 0.14195, 1.94965
0.09564, -0.40125, 2.03524
0.13555, -0.71937, 2.01011
0.13424, -0.79547, 1.95903
0.19999, -0.33895, 1.83589
0.23265, -0.71266, 1.62308
0.22731, -0.73505, 1.50780
0.11305, 0.85363, 2.06779
0.11404, 0.65899, 2.06777
0.27852, 0.52922, 2.02859
-0.04055, 0.53334, 2.03189
-0.11005, 0.27671, 1.99996
-0.07659, 0.05390, 1.88984
-0.06517, -0.03707, 1.84750
0.33179, 0.26824, 1.98565
0.33865, 0.04856, 1.87252
0.33824, -0.05041, 1.81887
0.11212, 0.26955, 2.01532
0.11188, 0.21030, 1.94655
0.18438, 0.14478, 1.92509
0.03893, 0.13892, 1.92769
0.09048, -0.40139, 2.02607
0.13459, -0.72284, 2.00729
0.13133, -0.79991, 1.95936
0.18885, -0.31309, 1.80810
0.22178, -0.70297, 1.56098
0.21620, -0.73179, 1.44261
0.11100, 0.85004, 2.04521
0.11555, 0.65322, 2.03570
0.27501, 0.52601, 1.99406
-0.03829, 0.53024, 2.00739
-0.10990, 0.27166, 1.97777
-0.07905, 0.05165, 1.87118
-0.06687, -0.04145, 1.83135
0.33204, 0.26546, 1.95954
0.33652, 0.04599, 1.85197
0.33373, -0.05374, 1.80247
0.11236, 0.26430, 1.98810
0.11053, 0.20468, 1.92014
0.18160, 0.13956, 1.89830
0.03810, 0.13506, 1.90501
0.07864, -0.38992, 1.99654
0.13121, -0.72715, 2.00212
0.12833, -0.80490, 1.95938
0.18374, -0.30485, 1.79408
0.20529, -0.68337, 1.50473
0.19961, -0.71615, 1.38543
0.11262, 0.84377, 2.00469
0.11685, 0.64908, 2.00790
0.27401, 0.52121, 1.96374
-0.03370, 0.52476, 1.97465
-0.10880, 0.26697, 1.95571
-0.08257, 0.04824, 1.85069
-0.07186, -0.04739, 1.80982
0.33453, 0.26072, 1.92846
0.33177, 0.02327, 1.80729
0.32904, -0.07914, 1.76297
0.11209, 0.25849, 1.95959
0.10947, 0.19830, 1.89154
0.17934, 0.13346, 1.86983
0.03748, 0.13008, 1.87690
0.06512, -0.34979, 1.95349
0.12772, -0.72976, 1.99737
0.12521, -0.80820, 1.95889
0.17954, -0.29804, 1.75095
0.19578, -0.67820, 1.47425
0.19075, -0.71287, 1.35443
0.11181, 0.84159, 1.98317
0.11868, 0.64721, 1.98223
0.26899, 0.51771, 1.92361
-0.02771, 0.51814, 1.93971
-0.10599, 0.26043, 1.92498
-0.08923, 0.02853, 1.81385
-0.07847, -0.05702, 1.78806
0.33573, 0.25622, 1.89452
0.32945, 0.01127, 1.78018
0.32703, -0.09194, 1.73744
0.11395, 0.25228, 1.92945
0.11017, 0.19112, 1.86057
0.17815, 0.12756, 1.83847
0.03933, 0.12561, 1.84906
0.05724, -0.32609, 1.92406
0.11981, -0.73546, 1.99011
0.12303, -0.81146, 1.95746
0.17579, -0.29877, 1.71863
0.18538, -0.67319, 1.44848
0.18052, -0.70890, 1.32901
0.11421, 0.83822, 1.94880
0.12017, 0.64528, 1.94822
0.26556, 0.51382, 1.89483
-0.02456, 0.51548, 1.91710
-0.10361, 0.25562, 1.90052
-0.09272, 0.01715, 1.79358
-0.08426, -0.06363, 1.77240
0.33785, 0.25243, 1.86428
0.32807, 0.00632, 1.75097
0.32729, -0.09700, 1.70670
0.11331, 0.24703, 1.89889
0.10803, 0.18500, 1.83044
0.17342, 0.12163, 1.80609
0.03861, 0.12202, 1.82015
0.04858, -0.30700, 1.88511
0.10702, -0.71315, 1.97346
0.10519, -0.75643, 1.89959
0.17233, -0.30107, 1.66753
0.17763, -0.67344, 1.43188
0.17040, -0.71381, 1.31418
0.11391, 0.83605, 1.92297
0.12306, 0.64268, 1.91476
0.25886, 0.50916, 1.85401
-0.02101, 0.51339, 1.88378
-0.10029, 0.25031, 1.87067
-0.09520, 0.00897, 1.77775
-0.09007, -0.07156, 1.75539
0.34099, 0.24869, 1.82952
0.32843, 0.00586, 1.71655
0.33061, -0.09258, 1.67692
0.11353, 0.24037, 1.86301
0.10641, 0.17765, 1.79440
0.16944, 0.11591, 1.77423
0.03878, 0.11758, 1.78243
0.04490, -0.30034, 1.85822
0.10108, -0.65982, 1.95278
0.09649, -0.69071, 1.85884
0.16981, -0.30627, 1.62532
0.17017, -0.67754, 1.42076
0.16028, -0.72383, 1.30651
0.11034, 0.83375, 1.89165
0.12534, 0.64108, 1.88309
0.25556, 0.50627, 1.82460
-0.01963, 0.51058, 1.85719
-0.09762, 0.25024, 1.84384
-0.09789, 0.00253, 1.76164
-0.09574, -0.08329, 1.73512
0.34589, 0.24543, 1.79450
0.32956, 0.00753, 1.67932
0.33253, -0.08059, 1.64642
0.11510, 0.23634, 1.83273
0.10683, 0.17311, 1.76454
0.16871, 0.11173, 1.74088
0.04015, 0.11445, 1.75358
0.04374, -0.30136, 1.82895
0.09934, -0.67473, 1.94131
0.09322, -0.70883, 1.83956
0.17047, -0.30959, 1.58527
0.16476, -0.68348, 1.41203
0.15299, -0.73547, 1.30119
0.10432, 0.82972, 1.85143
0.12965, 0.63900, 1.84739
0.25355, 0.50170, 1.78350
-0.02453, 0.51091, 1.83928
-0.09407, 0.24833, 1.80911
-0.10083, -0.00267, 1.73968
-0.09836, -0.09270, 1.71613
0.35053, 0.24914, 1.75829
0.33325, 0.01082, 1.64093
0.33674, -0.06848, 1.60797
0.11949, 0.23719, 1.79977
0.10807, 0.17440, 1.73283
0.17028, 0.11100, 1.70991
0.03999, 0.11447, 1.71745
0.04843, -0.32990, 1.80252
0.09807, -0.67190, 1.93444
0.08780, -0.69219, 1.82372
0.17447, -0.30858, 1.54679
0.16140, -0.69016, 1.40744
0.14676, -0.74803, 1.30191
0.10150, 0.82880, 1.82145
0.13311, 0.63898, 1.81575
0.25385, 0.49922, 1.75099
-0.03268, 0.51307, 1.81903
-0.09199, 0.24813, 1.78313
-0.10342, -0.00448, 1.71678
-0.09990, -0.09836, 1.69772
0.35409, 0.24518, 1.71210
0.34016, 0.01177, 1.59853
0.34473, -0.06205, 1.57201
0.12321, 0.24016, 1.76345
0.10940, 0.17849, 1.69619
0.17240, 0.11365, 1.66711
0.03982, 0.11532, 1.68478
0.04972, -0.34821, 1.78277
0.09813, -0.67593, 1.92709
0.08467, -0.69796, 1.81545
0.17686, -0.30933, 1.52687
0.15980, -0.69551, 1.39936
0.14344, -0.75452, 1.29640
0.09883, 0.82976, 1.80416
0.13664, 0.64143, 1.79035
0.26702, 0.50906, 1.72411
-0.03602, 0.51920, 1.78424
-0.08745, 0.25028, 1.75208
-0.10652, 0.01108, 1.67849
-0.10254, -0.09721, 1.67524
0.35702, 0.25226, 1.68187
0.34562, 0.01333, 1.56062
0.35143, -0.05842, 1.53596
0.12679, 0.24606, 1.73205
0.11367, 0.18625, 1.66260
0.17784, 0.11923, 1.63253
0.04273, 0.11962, 1.64911
0.04601, -0.36551, 1.74175
0.09758, -0.68134, 1.91263
0.08376, -0.74371, 1.86313
0.17809, -0.30857, 1.51054
0.16003, -0.69955, 1.39328
0.14339, -0.75956, 1.29190
0.09683, 0.83427, 1.78449
0.13981, 0.64803, 1.76830
0.27713, 0.51838, 1.69750
-0.02769, 0.52552, 1.74358
-0.08265, 0.25622, 1.72352
-0.10670, 0.02224, 1.65514
-0.10519, -0.08964, 1.64538
0.36077, 0.26274, 1.64973
0.35083, 0.01546, 1.52412
0.35696, -0.05715, 1.50348
0.13023, 0.25021, 1.69867
0.11840, 0.19062, 1.62563
0.18267, 0.12397, 1.59190
0.04732, 0.12310, 1.61545
0.03785, -0.36635, 1.68709
0.08931, -0.67497, 1.87436
0.07593, -0.72350, 1.80263
0.18078, -0.30742, 1.48787
0.15968, -0.70510, 1.39339
0.14319, -0.76597, 1.29504
0.09775, 0.83930, 1.75540
0.14624, 0.65391, 1.73378
0.28770, 0.52546, 1.67772
-0.01565, 0.55346, 1.70608
-0.07647, 0.26807, 1.69411
-0.10075, 0.03956, 1.61398
-0.11033, -0.07484, 1.60220
0.36301, 0.27804, 1.62105
0.35544, 0.01669, 1.49068
0.36370, -0.05679, 1.46517
0.13134, 0.26343, 1.66980
0.12201, 0.20692, 1.59595
0.18482, 0.13767, 1.56199
0.05148, 0.13863, 1.58662
0.02620, -0.35387, 1.62429
0.08187, -0.67085, 1.84536
0.07265, -0.71357, 1.76182
0.18554, -0.29784, 1.46977
0.15815, -0.70612, 1.39577
0.14299, -0.76650, 1.29988
0.10152, 0.84102, 1.72085
0.15311, 0.65355, 1.69715
0.28991, 0.52645, 1.63203
-0.00791, 0.55760, 1.67779
-0.07167, 0.27781, 1.66708
-0.09563, 0.04888, 1.58171
-0.10225, -0.05197, 1.54559
0.36482, 0.28817, 1.59340
0.35810, 0.01901, 1.45944
0.36361, -0.05244, 1.41989
0.13728, 0.27196, 1.63844
0.12617, 0.21624, 1.56919
0.18707, 0.14805, 1.53715
0.05764, 0.15005, 1.55816
0.01698, -0.32838, 1.55692
0.06881, -0.64797, 1.78525
0.05724, -0.68333, 1.69227
0.18890, -0.29162, 1.45884
0.15659, -0.70600, 1.39736
0.14078, -0.76553, 1.30342
0.11495, 0.83311, 1.66244
0.16664, 0.64230, 1.64461
0.29321, 0.54024, 1.60681
0.00149, 0.56217, 1.64968
-0.06727, 0.28532, 1.63816
-0.09155, 0.04990, 1.53331
-0.09980, -0.03462, 1.49738
0.36823, 0.29466, 1.56565
0.36425, 0.04703, 1.42747
0.36060, -0.04092, 1.39104
0.14227, 0.27889, 1.61039
0.13008, 0.22375, 1.54527
0.18860, 0.15620, 1.51781
0.06271, 0.15973, 1.53379
0.01040, -0.30242, 1.49312
0.05224, -0.62546, 1.72360
0.04109, -0.65659, 1.62533
0.19162, -0.28575, 1.45102
0.15489, -0.70404, 1.40002
0.13933, -0.76265, 1.30716
0.10399, 0.82159, 1.60580
0.15052, 0.62767, 1.59075
0.29627, 0.54906, 1.58837
0.00351, 0.56665, 1.63696
-0.06436, 0.28991, 1.60850
-0.08936, 0.04913, 1.49686
-0.09958, -0.02422, 1.45711
0.37149, 0.29629, 1.53495
0.36687, 0.05971, 1.40882
0.35686, -0.02660, 1.36070
0.14202, 0.28754, 1.58110
0.13024, 0.23332, 1.52012
0.19042, 0.16442, 1.49681
0.06293, 0.16832, 1.51086
0.00598, -0.27753, 1.43330
0.04131, -0.59477, 1.65130
0.02790, -0.62465, 1.55181
0.19330, -0.28185, 1.44531
0.15385, -0.70174, 1.40266
0.13800, -0.75826, 1.31097
0.09526, 0.81061, 1.56694
0.13503, 0.61170, 1.54846
0.29820, 0.55348, 1.55986
0.00158, 0.56397, 1.60705
-0.06321, 0.29185, 1.57866
-0.08747, 0.04376, 1.44955
-0.09810, -0.02366, 1.41175
0.37545, 0.29296, 1.50409
0.36773, 0.06948, 1.38899
0.35564, -0.01398, 1.33680
0.13908, 0.28802, 1.55157
0.12903, 0.23572, 1.49325
0.19200, 0.16707, 1.47131
0.06191, 0.17059, 1.48663
0.00630, -0.26710, 1.39960
0.03645, -0.56117, 1.57039
0.02302, -0.59127, 1.47149
0.19465, -0.27931, 1.44095
0.15247, -0.69918, 1.40527
0.13668, -0.75522, 1.31388
0.08146, 0.78506, 1.51746
0.11924, 0.58377, 1.50178
0.29591, 0.54666, 1.52311
0.00434, 0.55840, 1.57749
-0.06283, 0.29245, 1.55346
-0.08656, 0.04316, 1.42456
-0.09737, -0.02181, 1.38746
0.37795, 0.28760, 1.47512
0.36657, 0.07313, 1.36959
0.35579, -0.00359, 1.31528
0.13480, 0.27775, 1.51560
0.12638, 0.22789, 1.46086
0.19193, 0.16148, 1.43966
0.06090, 0.16644, 1.46293
0.01215, -0.26205, 1.36045
0.03702, -0.53291, 1.47980
0.02238, -0.56458, 1.38286
0.19582, -0.27834, 1.43742
0.15075, -0.69771, 1.40746
0.13455, -0.75341, 1.31639
0.07402, 0.76877, 1.48693
0.11159, 0.56659, 1.47343
0.29604, 0.54092, 1.50062
0.00518, 0.55193, 1.55392
-0.06247, 0.29242, 1.52987
-0.08430, 0.04452, 1.39752
-0.09769, -0.02015, 1.36301
0.37952, 0.29122, 1.45606
0.36419, 0.08165, 1.35161
0.35550, 0.00382, 1.29715
0.13356, 0.27146, 1.49330
0.12644, 0.22229, 1.43825
0.19540, 0.15593, 1.41573
0.06092, 0.15989, 1.43884
0.01993, -0.26237, 1.33017
0.04409, -0.58581, 1.45121
0.03047, -0.62528, 1.35948
0.19695, -0.27835, 1.43428
0.14946, -0.69646, 1.40922
0.13318, -0.75208, 1.31823
0.06042, 0.75039, 1.45727
0.09582, 0.54729, 1.44459
0.29708, 0.53212, 1.47763
0.00427, 0.54347, 1.53004
-0.06216, 0.29307, 1.51044
-0.08184, 0.04575, 1.37293
-0.09874, -0.02000, 1.34413
0.37978, 0.27969, 1.41687
0.35741, 0.06888, 1.32029
0.35505, 0.00978, 1.27936
0.13136, 0.26484, 1.47148
0.12620, 0.21624, 1.41606
0.20027, 0.14943, 1.39213
0.06047, 0.15263, 1.41583
0.02995, -0.26627, 1.28573
0.03935, -0.60903, 1.41181
0.02649, -0.64082, 1.32521
0.19804, -0.27927, 1.43131
0.14848, -0.69559, 1.41041
0.13212, -0.75120, 1.31949
0.05187, 0.73825, 1.43708
0.08827, 0.53702, 1.42738
0.29767, 0.52118, 1.45413
0.00235, 0.53246, 1.50405
-0.06184, 0.29326, 1.48864
-0.07963, 0.04627, 1.34555
-0.09940, -0.02149, 1.31831
0.38008, 0.27498, 1.39945
0.35374, 0.06294, 1.29845
0.35441, 0.01373, 1.26286
0.12973, 0.25673, 1.44965
0.12668, 0.20894, 1.39350
0.20535, 0.14215, 1.36945
0.06097, 0.14392, 1.39246
0.03679, -0.27170, 1.25725
0.01247, -0.65741, 1.34478
-0.00150, -0.69282, 1.26811
0.19930, -0.28264, 1.42696
0.14712, -0.69514, 1.41186
0.13078, -0.75055, 1.32095
0.04489, 0.72639, 1.41675
0.08255, 0.52664, 1.40801
0.29813, 0.51089, 1.43302
0.00103, 0.51988, 1.47592
-0.06202, 0.29144, 1.46472
-0.07746, 0.04465, 1.31874
-0.10149, -0.02415, 1.30337
0.37964, 0.26961, 1.38280
0.35250, 0.05594, 1.27724
0.35339, 0.01538, 1.24592
0.12852, 0.24903, 1.42825
0.12749, 0.20179, 1.37176
0.20963, 0.13555, 1.34878
0.06171, 0.13576, 1.37045
0.04371, -0.27789, 1.22890
-0.01875, -0.68996, 1.26748
-0.03506, -0.73092, 1.19581
0.20084, -0.28851, 1.42107
0.14470, -0.69532, 1.41400
0.12884, -0.74999, 1.32288
0.04569, 0.71494, 1.39353
0.08950, 0.51582, 1.38034
0.29758, 0.49922, 1.40925
-0.00090, 0.50966, 1.45254
-0.06343, 0.28698, 1.44068
-0.07393, 0.03956, 1.28804
-0.09283, -0.03091, 1.25841
0.37893, 0.26446, 1.36730
0.35231, 0.04971, 1.25930
0.35226, 0.01444, 1.23081
0.13080, 0.24222, 1.40529
0.12994, 0.19537, 1.35014
0.21357, 0.12900, 1.32846
0.06291, 0.12929, 1.35047
0.04927, -0.28275, 1.20514
-0.05548, -0.70287, 1.18504
-0.07787, -0.74930, 1.11335
0.20245, -0.29515, 1.41385
0.14169, -0.69591, 1.41582
0.12622, -0.74963, 1.32460
