0.42215, 0.30093, 4.10481
0.25851, 0.48606, 4.05605
0.15823, 0.28206, 4.01105
0.17016, 0.26155, 4.02002
0.21272, 0.00417, 3.90827
0.23984, 0.36591, 3.95918
0.24888, 0.48649, 3.98163
0.43646, 0.04074, 4.00071
0.50357, -0.20659, 3.87421
0.52907, -0.27041, 3.83511
0.27812, -0.00470, 4.00151
0.28204, -0.10285, 3.99462
0.27995, -0.11301, 3.97874
0.28531, -0.12224, 4.00660
0.20478, -0.54239, 3.87522
0.15730, -0.88078, 3.83951
0.22312, -0.94756, 3.87075
0.31948, -0.57769, 3.99774
0.29087, -0.88191, 3.96619
0.28153, -0.95556, 3.90094
0.42943, 0.31576, 4.09688
0.25870, 0.48563, 4.05111
0.15823, 0.28443, 4.00610
0.13680, 0.34621, 4.03696
0.07573, 0.11986, 4.00067
0.19701, 0.39516, 3.98332
0.22597, 0.49660, 3.99042
0.35993, 0.04088, 3.94589
0.50179, -0.19527, 3.87588
0.52009, -0.25455, 3.82981
0.29109, 0.06229, 4.02255
0.27231, -0.00711, 3.98547
0.27809, -0.05875, 3.95509
0.26797, -0.02640, 4.00777
0.20920, -0.54990, 3.86392
0.16028, -0.87691, 3.77560
0.15635, -0.95131, 3.70434
0.31949, -0.58062, 3.98869
0.28357, -0.90539, 3.94119
0.28795, -0.98543, 3.88840
0.44501, 0.31590, 4.09150
0.26430, 0.47434, 4.04722
0.15889, 0.28407, 4.00475
0.12120, 0.38239, 4.04210
0.05253, 0.11070, 4.00242
0.16019, 0.38596, 3.99309
0.19608, 0.47771, 3.99483
0.34074, 0.04720, 3.91465
0.50226, -0.18832, 3.87365
0.51758, -0.25014, 3.82916
0.30015, 0.07573, 4.02461
0.28299, 0.01362, 3.96418
0.29481, -0.05369, 3.91443
0.27215, -0.01426, 3.99821
0.21626, -0.55134, 3.84557
0.15615, -0.86306, 3.69118
0.13519, -0.94117, 3.60307
0.32033, -0.58015, 3.97620
0.29708, -0.91100, 3.94084
0.28635, -0.98536, 3.88763
0.45678, 0.31715, 4.07644
0.26782, 0.46711, 4.04460
0.15975, 0.28332, 4.00341
0.11497, 0.39787, 4.04416
0.02791, 0.13021, 4.00810
0.14556, 0.39161, 3.99370
0.18500, 0.47900, 3.99320
0.36139, 0.20444, 3.89573
0.47209, -0.07206, 3.83400
0.47607, -0.14859, 3.82998
0.30433, 0.08348, 4.02418
0.28691, 0.02654, 3.95029
0.30233, -0.05215, 3.89271
0.27533, 0.00170, 3.97805
0.22399, -0.55273, 3.81838
0.15979, -0.83788, 3.59537
0.11471, -0.89284, 3.47486
0.32250, -0.58191, 3.96177
0.30478, -0.91261, 3.94089
0.29388, -0.98034, 3.86101
0.46835, 0.47307, 3.97274
0.26997, 0.46308, 4.03962
0.45841, 0.35149, 4.01705
0.10963, 0.40641, 4.03997
0.03932, 0.14532, 3.99363
0.14343, 0.40667, 3.97602
0.18244, 0.49345, 3.97069
0.50060, 0.16174, 3.95281
0.48280, -0.08365, 3.83132
0.48746, -0.16013, 3.82736
0.29396, 0.14119, 4.00820
0.28718, 0.09972, 3.93034
0.35260, 0.00138, 3.86584
0.22875, 0.03644, 3.94646
0.20684, -0.54367, 3.73511
0.16888, -0.82803, 3.51029
0.15197, -0.86825, 3.39908
0.32608, -0.58310, 3.94804
0.30838, -0.91059, 3.92785
0.30629, -0.95061, 3.81323
0.46560, 0.48820, 3.91270
0.27227, 0.45948, 4.03019
0.50287, 0.37207, 3.99178
0.10568, 0.41035, 4.02829
0.05953, 0.11747, 3.94737
0.15234, 0.39818, 3.93952
0.18903, 0.48676, 3.93525
0.51937, 0.14955, 3.92425
0.48492, -0.13283, 3.81406
0.48413, -0.19040, 3.78113
0.29509, 0.14771, 3.98196
0.29337, 0.10505, 3.90564
0.38731, 0.00899, 3.85253
0.20778, 0.02544, 3.89455
0.20071, -0.53506, 3.68670
0.18947, -0.82364, 3.44222
0.16337, -0.86760, 3.32970
0.33588, -0.57420, 3.91126
0.32092, -0.87912, 3.90236
0.30857, -0.94635, 3.80339
0.46327, 0.48430, 3.88006
0.27501, 0.46219, 4.01595
0.52845, 0.38173, 3.97244
0.11974, 0.40627, 3.97570
0.05697, 0.11241, 3.90073
0.10904, 0.39502, 3.92300
0.12872, 0.48864, 3.93355
0.54412, 0.13602, 3.91650
0.48403, -0.12007, 3.80785
0.48002, -0.20083, 3.75856
0.29028, 0.15040, 3.96375
0.29366, 0.11352, 3.88974
0.39720, 0.01377, 3.84808
0.19323, 0.02265, 3.84257
0.20061, -0.53223, 3.66849
0.19868, -0.81897, 3.43178
0.17203, -0.85614, 3.31604
0.33947, -0.55992, 3.86541
0.32709, -0.84655, 3.86868
0.29846, -0.87210, 3.74618
0.46709, 0.48088, 3.83754
0.27131, 0.46851, 3.96406
0.52736, 0.38267, 3.96188
0.12200, 0.36705, 3.91275
0.06637, 0.08798, 3.85206
0.08506, 0.38225, 3.91358
0.10183, 0.48192, 3.93343
0.54100, 0.11650, 3.90036
0.48801, -0.12235, 3.79425
0.47942, -0.21200, 3.74023
0.28502, 0.13974, 3.92543
0.29651, 0.09502, 3.85679
0.40496, 0.01396, 3.83573
0.19629, -0.00033, 3.81001
0.21540, -0.54495, 3.63401
0.21644, -0.83465, 3.36211
0.17241, -0.87142, 3.26264
0.36705, -0.53506, 3.85029
0.32963, -0.83928, 3.85424
0.29137, -0.84294, 3.71154
0.26735, 0.64631, 3.86563
0.26707, 0.45746, 3.90840
0.50443, 0.37353, 3.90676
0.12098, 0.36957, 3.86368
0.06815, 0.07950, 3.82623
0.07124, 0.38140, 3.87479
0.08383, 0.48281, 3.90852
0.54950, 0.11442, 3.89073
0.48823, -0.13734, 3.74386
0.47579, -0.21940, 3.70498
0.27329, 0.14609, 3.88869
0.28474, 0.10298, 3.82543
0.38346, 0.02493, 3.81187
0.19093, 0.01101, 3.78798
0.22363, -0.54130, 3.60618
0.22426, -0.82260, 3.37515
0.18955, -0.87441, 3.27375
0.37382, -0.53036, 3.84205
0.33192, -0.82861, 3.84650
0.29148, -0.82034, 3.70302
0.23480, 0.69015, 3.85299
0.26158, 0.45157, 3.86717
0.46575, 0.38417, 3.86940
0.11742, 0.36397, 3.83979
0.06718, 0.07249, 3.80726
0.06516, 0.37875, 3.85973
0.07458, 0.48065, 3.89090
0.52974, 0.13085, 3.85931
0.48658, -0.14031, 3.71945
0.47708, -0.24742, 3.67283
0.26531, 0.13713, 3.84362
0.27342, 0.09125, 3.78227
0.35461, 0.02102, 3.76762
0.19248, 0.01116, 3.76746
0.22896, -0.54054, 3.58641
0.23946, -0.84575, 3.35811
0.19751, -0.88530, 3.25224
0.37587, -0.56308, 3.84224
0.27607, -0.77848, 3.54874
0.27160, -0.80391, 3.44482
0.21384, 0.70620, 3.86005
0.25851, 0.45327, 3.84643
0.43973, 0.38346, 3.83655
0.11415, 0.36126, 3.82575
0.06261, 0.07230, 3.78946
0.05783, 0.34156, 3.84014
0.06125, 0.41661, 3.86394
0.50941, 0.11879, 3.81195
0.48535, -0.13739, 3.67817
0.47964, -0.24703, 3.64429
0.26310, 0.13830, 3.82326
0.26983, 0.09164, 3.76258
0.34323, 0.02227, 3.74999
0.20199, 0.02631, 3.72833
0.23286, -0.54037, 3.56534
0.24561, -0.84058, 3.36423
0.20555, -0.89237, 3.25977
0.37383, -0.58207, 3.83660
0.26701, -0.77272, 3.47504
0.26360, -0.79739, 3.36155
0.20267, 0.69592, 3.83759
0.25605, 0.45465, 3.83076
0.39609, 0.37983, 3.79490
0.10653, 0.36102, 3.80445
0.05316, 0.07823, 3.75100
0.05547, 0.31772, 3.81026
0.05755, 0.38401, 3.82896
0.49650, 0.13292, 3.77679
0.48192, -0.14017, 3.65232
0.48147, -0.25363, 3.62520
0.26589, 0.12373, 3.78811
0.27013, 0.07264, 3.72506
0.33745, 0.01410, 3.72547
0.20999, 0.01053, 3.69176
0.23475, -0.54021, 3.55383
0.24472, -0.83562, 3.37205
0.21098, -0.89774, 3.26444
0.36725, -0.60810, 3.82647
0.25477, -0.80668, 3.43553
0.25549, -0.84303, 3.32604
0.20306, 0.69573, 3.79882
0.25386, 0.46531, 3.81465
0.37493, 0.37850, 3.76750
0.09908, 0.36468, 3.78458
0.04761, 0.08750, 3.71299
0.04539, -0.07512, 3.61373
0.05606, -0.15312, 3.55301
0.47911, 0.10020, 3.71462
0.47744, -0.14449, 3.62001
0.48347, -0.24866, 3.58367
0.26426, 0.12176, 3.76962
0.26625, 0.06910, 3.70469
0.32568, 0.01414, 3.68581
0.20906, 0.00899, 3.67610
0.22713, -0.53380, 3.51293
0.24320, -0.83209, 3.37258
0.21409, -0.90191, 3.26674
0.33045, -0.57168, 3.71431
0.23554, -0.83689, 3.36151
0.21303, -0.88203, 3.24025
0.19561, 0.69417, 3.77507
0.24219, 0.47330, 3.77542
0.36950, 0.38283, 3.74478
0.08877, 0.36907, 3.75218
0.04316, 0.07700, 3.66790
0.03503, -0.15081, 3.53277
0.04902, -0.25098, 3.48310
0.47314, 0.08918, 3.68321
0.47308, -0.13377, 3.58737
0.48289, -0.22600, 3.53815
0.26117, 0.12698, 3.72761
0.26356, 0.07490, 3.66280
0.32432, 0.01395, 3.65343
0.20706, 0.01338, 3.63534
0.22466, -0.53113, 3.49790
0.23237, -0.82080, 3.36723
0.21275, -0.86603, 3.25302
0.32071, -0.55641, 3.66562
0.23619, -0.84299, 3.35602
0.23314, -0.88577, 3.24452
0.20468, 0.68815, 3.74553
0.23356, 0.48338, 3.74790
0.37132, 0.38888, 3.71981
0.07790, 0.38459, 3.70742
0.03518, 0.09708, 3.64132
0.04921, -0.19623, 3.47729
0.05318, -0.26008, 3.43756
0.47000, 0.08371, 3.66597
0.47376, -0.13037, 3.56845
0.48236, -0.21995, 3.51801
0.25466, 0.13478, 3.69715
0.25894, 0.08316, 3.63224
0.31990, 0.02345, 3.60704
0.20405, 0.01729, 3.61251
0.22330, -0.52733, 3.48549
0.22347, -0.81208, 3.36263
0.21363, -0.84556, 3.24415
0.31673, -0.54592, 3.62889
0.23357, -0.85880, 3.34413
0.20165, -0.91114, 3.22090
0.20964, 0.68560, 3.72854
0.22566, 0.48888, 3.70399
0.37419, 0.39247, 3.69457
0.07373, 0.39013, 3.67628
0.02998, 0.10834, 3.62442
0.01381, -0.10968, 3.47823
0.03189, -0.20012, 3.43750
0.47101, 0.08787, 3.64297
0.47397, -0.11621, 3.52833
0.48083, -0.20083, 3.47375
0.24790, 0.14042, 3.65947
0.25364, 0.08866, 3.59647
0.31809, 0.02722, 3.57982
0.19609, 0.02040, 3.57414
0.22309, -0.52156, 3.47601
0.21630, -0.80405, 3.35905
0.21297, -0.83266, 3.23970
0.32345, -0.52608, 3.58162
0.23058, -0.86843, 3.33334
0.18854, -0.92122, 3.21680
0.20884, 0.68560, 3.71357
0.22084, 0.49243, 3.68221
0.37641, 0.39649, 3.67169
0.06894, 0.39847, 3.65405
0.02524, 0.12543, 3.60708
0.04281, -0.16746, 3.42274
0.03981, -0.23158, 3.38364
0.47047, 0.09243, 3.62154
0.47396, -0.11075, 3.50723
0.48012, -0.19522, 3.45481
0.24359, 0.14401, 3.63839
0.24983, 0.09241, 3.57539
0.31631, 0.03127, 3.55095
0.19183, 0.02209, 3.55628
0.22164, -0.51457, 3.46039
0.21012, -0.79860, 3.35501
0.21143, -0.82583, 3.23532
0.30842, -0.52155, 3.51148
0.22701, -0.87645, 3.32343
0.18082, -0.92774, 3.22208
0.20799, 0.70835, 3.66980
0.21015, 0.51493, 3.64996
0.37565, 0.40281, 3.63580
0.06471, 0.40587, 3.62928
0.02077, 0.13870, 3.58539
0.02727, -0.10952, 3.42676
0.03761, -0.20425, 3.38699
0.46516, 0.10280, 3.58231
0.47532, -0.10638, 3.45937
0.48029, -0.19606, 3.43765
0.23773, 0.15295, 3.61418
0.24422, 0.09940, 3.55155
0.31503, 0.03611, 3.53123
0.18181, 0.02838, 3.53027
0.22034, -0.51006, 3.44783
0.20607, -0.79507, 3.35212
0.20974, -0.82192, 3.23197
0.31604, -0.51846, 3.47307
0.22800, -0.87649, 3.33095
0.17954, -0.92428, 3.23947
0.20566, 0.71591, 3.64666
0.20665, 0.52219, 3.63266
0.37649, 0.40703, 3.61592
0.06099, 0.40837, 3.61147
0.01024, 0.14821, 3.55513
0.01443, -0.09554, 3.40202
0.02964, -0.19112, 3.36608
0.46308, 0.10760, 3.56365
0.47506, -0.10437, 3.43427
0.47690, -0.19199, 3.41002
0.23136, 0.16038, 3.58684
0.23646, 0.10747, 3.52144
0.30899, 0.04352, 3.49785
0.17091, 0.03426, 3.49857
0.21768, -0.50547, 3.43460
0.20346, -0.79250, 3.35027
0.20880, -0.81918, 3.23006
0.32549, -0.51542, 3.44353
0.22458, -0.86187, 3.33616
0.17530, -0.91733, 3.24525
0.20066, 0.71895, 3.60932
0.20622, 0.52749, 3.61274
0.37696, 0.41224, 3.59556
0.05328, 0.40806, 3.57728
0.00434, 0.15379, 3.53608
0.00768, -0.06245, 3.40085
0.02473, -0.15829, 3.36190
0.46174, 0.11416, 3.54708
0.47354, -0.10196, 3.41500
0.47425, -0.19129, 3.38027
0.22689, 0.16733, 3.56247
0.23217, 0.11435, 3.49745
0.30602, 0.04844, 3.47801
0.16498, 0.04029, 3.47076
0.21622, -0.50317, 3.42357
0.20228, -0.79091, 3.34968
0.21125, -0.87196, 3.26397
0.34061, -0.49635, 3.39452
0.22528, -0.85557, 3.33979
0.19549, -0.92066, 3.27209
0.19773, 0.71956, 3.58913
0.20625, 0.53018, 3.59684
0.37679, 0.41610, 3.58257
0.04887, 0.40860, 3.56085
-0.00043, 0.15824, 3.51944
0.00390, -0.04180, 3.39150
0.02011, -0.13738, 3.35618
0.45934, 0.12257, 3.52884
0.46479, -0.09588, 3.38174
0.46126, -0.18439, 3.34165
0.22350, 0.17230, 3.54410
0.22865, 0.11975, 3.47899
0.30299, 0.05261, 3.46162
0.16063, 0.04500, 3.44995
0.21515, -0.50133, 3.41346
0.20203, -0.78961, 3.34974
0.21301, -0.90377, 3.28471
0.33100, -0.48951, 3.34891
0.22603, -0.85125, 3.34245
0.20065, -0.92171, 3.28242
0.19648, 0.72068, 3.57850
0.20616, 0.53182, 3.58273
0.37637, 0.42080, 3.55804
0.04256, 0.41379, 3.53070
-0.00583, 0.16539, 3.50501
0.00884, -0.04813, 3.36610
0.03059, -0.14233, 3.33086
0.45155, 0.13775, 3.50288
0.46010, -0.09183, 3.36202
0.44807, -0.17582, 3.30186
0.21898, 0.17760, 3.52327
0.22402, 0.12652, 3.45718
0.29862, 0.06115, 3.43500
0.15470, 0.05002, 3.42853
0.21294, -0.50269, 3.40274
0.20307, -0.78948, 3.34934
0.21402, -0.91581, 3.29275
0.32766, -0.48384, 3.31735
0.27554, -0.85463, 3.37529
0.20922, -0.91938, 3.29491
0.19362, 0.72013, 3.56607
0.20134, 0.52872, 3.54958
0.37440, 0.42443, 3.53660
0.04011, 0.41585, 3.51331
-0.00968, 0.17370, 3.48632
0.00639, -0.03679, 3.35644
0.03007, -0.12553, 3.31592
0.44873, 0.14469, 3.48803
0.45710, -0.08896, 3.34700
0.44409, -0.17339, 3.28640
0.21587, 0.18135, 3.50486
0.22116, 0.13040, 3.44019
0.29648, 0.06570, 3.41930
0.15158, 0.05275, 3.41306
0.21020, -0.50419, 3.39433
0.20430, -0.78969, 3.34749
0.22026, -0.86688, 3.24721
0.32857, -0.48528, 3.27064
0.30588, -0.85864, 3.38776
0.32829, -0.91938, 3.31893
0.19017, 0.71497, 3.53540
0.20064, 0.52748, 3.52326
0.37362, 0.42714, 3.52273
0.03923, 0.41700, 3.49733
-0.01374, 0.18051, 3.45513
0.00531, -0.03204, 3.34956
0.02966, -0.11938, 3.30600
0.44338, 0.14766, 3.44707
0.45145, -0.08628, 3.31381
0.43786, -0.17069, 3.25929
0.21423, 0.18482, 3.48108
0.22004, 0.13429, 3.41795
0.29618, 0.07021, 3.40015
0.14988, 0.05545, 3.39106
0.20692, -0.50565, 3.38686
0.22884, -0.83068, 3.33699
0.21427, -0.90807, 3.25985
0.32662, -0.48529, 3.24137
0.33651, -0.85903, 3.32143
0.35009, -0.93968, 3.26567
0.19079, 0.70926, 3.49185
0.20060, 0.52767, 3.50161
0.36652, 0.42329, 3.47906
0.04433, 0.41691, 3.46341
-0.01532, 0.18317, 3.43763
0.00447, -0.02944, 3.34013
0.02360, -0.11564, 3.28701
0.44160, 0.14817, 3.42828
0.44829, -0.08516, 3.29621
0.43501, -0.17001, 3.24362
0.21376, 0.18246, 3.45091
0.21900, 0.13110, 3.38575
0.29335, 0.06820, 3.37386
0.15113, 0.05542, 3.35738
0.20266, -0.50788, 3.37975
0.24391, -0.85527, 3.32679
0.21127, -0.92300, 3.26055
0.32033, -0.48742, 3.21606
0.34695, -0.85590, 3.24757
0.34876, -0.93570, 3.17648
0.19100, 0.71082, 3.47087
0.20174, 0.53259, 3.45795
0.36318, 0.42235, 3.45739
0.04530, 0.41734, 3.44792
-0.01739, 0.18279, 3.41234
-0.00675, -0.02974, 3.30486
0.01253, -0.11855, 3.26317
0.44080, 0.14762, 3.40872
0.44481, -0.07491, 3.27648
0.43353, -0.16528, 3.23087
0.21219, 0.18327, 3.42371
0.21680, 0.13011, 3.36080
0.28914, 0.06658, 3.34433
0.15005, 0.05596, 3.33756
0.19559, -0.50847, 3.36433
0.25120, -0.87726, 3.31837
0.20352, -0.93590, 3.25719
0.31354, -0.49342, 3.19169
0.34837, -0.83926, 3.14126
0.35214, -0.88830, 3.03710
0.19138, 0.71166, 3.45904
0.20161, 0.53416, 3.43752
0.35930, 0.42276, 3.42325
0.04289, 0.41821, 3.42249
-0.01758, 0.18135, 3.39303
-0.00882, -0.03100, 3.27989
0.00874, -0.12180, 3.24643
0.44062, 0.14697, 3.39140
0.43742, -0.08429, 3.23694
0.43288, -0.17198, 3.20376
0.21119, 0.18240, 3.40288
0.21499, 0.12837, 3.34026
0.28707, 0.06410, 3.32153
0.14827, 0.05517, 3.32011
0.18922, -0.51412, 3.34822
0.25599, -0.90778, 3.30669
0.19004, -0.94285, 3.24908
0.29479, -0.51512, 3.15222
0.33371, -0.82170, 3.02988
0.34479, -0.87691, 2.93444
0.19257, 0.71620, 3.43257
0.20597, 0.53454, 3.40746
0.35983, 0.42304, 3.39966
0.03952, 0.41798, 3.39799
-0.01738, 0.18060, 3.37709
-0.00242, -0.05263, 3.24519
0.01200, -0.14769, 3.21745
0.44072, 0.14733, 3.37572
0.43468, -0.08601, 3.22218
0.42866, -0.17306, 3.17556
0.21151, 0.18298, 3.38385
0.21444, 0.12794, 3.32279
0.28679, 0.06303, 3.30556
0.14630, 0.05393, 3.30231
0.18255, -0.52374, 3.32246
0.25692, -0.91928, 3.30112
0.18041, -0.94676, 3.24350
0.28574, -0.52177, 3.12946
0.31037, -0.79210, 2.93801
0.31670, -0.85006, 2.82232
0.19319, 0.71730, 3.41842
0.20734, 0.53432, 3.39303
0.36230, 0.42296, 3.37883
0.03744, 0.41946, 3.38147
-0.01615, 0.17904, 3.35525
-0.00046, -0.06025, 3.22987
0.01167, -0.15684, 3.19545
0.43441, 0.14599, 3.33038
0.43235, -0.08693, 3.20739
0.42622, -0.17485, 3.15945
0.21127, 0.18285, 3.36053
0.21270, 0.12885, 3.29699
0.28589, 0.06281, 3.27113
0.14206, 0.05346, 3.27587
0.17957, -0.52951, 3.29057
0.23442, -0.89508, 3.29970
0.18620, -0.95109, 3.24624
0.27331, -0.51821, 3.09339
0.27873, -0.76097, 2.89194
0.28957, -0.82022, 2.77257
0.19500, 0.71409, 3.37070
0.20741, 0.53451, 3.37520
0.36427, 0.42348, 3.36373
0.03861, 0.42014, 3.35498
-0.01349, 0.17544, 3.31961
0.00168, -0.07307, 3.20444
0.01433, -0.17089, 3.17005
0.43136, 0.14605, 3.30189
0.43177, -0.08878, 3.18072
0.42453, -0.17945, 3.13672
0.20473, 0.18095, 3.32757
0.20569, 0.12739, 3.26348
0.27760, 0.05978, 3.24160
0.13476, 0.05348, 3.23980
0.18924, -0.52667, 3.22753
0.22367, -0.88923, 3.29297
0.18462, -0.95514, 3.24540
0.26843, -0.51386, 3.07484
0.26530, -0.74622, 2.85539
0.27583, -0.79649, 2.73042
0.19742, 0.71409, 3.33917
0.20813, 0.53180, 3.33089
0.37128, 0.42045, 3.32055
0.04061, 0.42120, 3.32473
-0.01338, 0.17167, 3.28664
0.00167, -0.07793, 3.19059
0.01428, -0.17624, 3.15652
0.43280, 0.14613, 3.27332
0.43173, -0.08988, 3.16492
0.42515, -0.18012, 3.11330
0.20539, 0.18062, 3.29932
0.20489, 0.12627, 3.23743
0.27645, 0.05756, 3.21769
0.13342, 0.05271, 3.21657
0.19517, -0.52367, 3.19141
0.19675, -0.83203, 3.30907
0.18800, -0.94101, 3.25314
0.26675, -0.50520, 3.04089
0.24929, -0.74757, 2.80334
0.26875, -0.80040, 2.68068
0.19881, 0.71424, 3.32547
0.20799, 0.53015, 3.30890
0.37103, 0.41531, 3.28037
0.04300, 0.42245, 3.29108
-0.01415, 0.16405, 3.25218
-0.00035, -0.08196, 3.16793
0.01223, -0.18101, 3.13340
0.43254, 0.14503, 3.24753
0.42690, -0.09967, 3.12066
0.42237, -0.19303, 3.07088
0.20459, 0.17683, 3.27333
0.20322, 0.12194, 3.21101
0.27386, 0.05366, 3.19607
0.13226, 0.04896, 3.18860
0.19596, -0.52604, 3.15622
0.18761, -0.81858, 3.31370
0.18993, -0.93487, 3.25631
0.26204, -0.50524, 2.98797
0.24410, -0.75345, 2.79358
0.26343, -0.80166, 2.66732
0.20423, 0.71445, 3.28323
0.20982, 0.52936, 3.28404
0.37169, 0.41409, 3.26212
0.04481, 0.42393, 3.26530
-0.01450, 0.16229, 3.23641
-0.00266, -0.08162, 3.13972
0.00886, -0.18237, 3.11107
0.43317, 0.14558, 3.19687
0.42756, -0.10023, 3.09690
0.42196, -0.19550, 3.05222
0.20677, 0.17537, 3.24060
0.20615, 0.12096, 3.17725
0.27779, 0.05220, 3.16301
0.13433, 0.04863, 3.14865
0.20186, -0.52289, 3.08902
0.18451, -0.80909, 3.29038
0.20544, -0.85061, 3.14747
0.25953, -0.50408, 2.96266
0.24088, -0.75947, 2.78722
0.25857, -0.80945, 2.66192
0.20633, 0.71521, 3.26881
0.21222, 0.52945, 3.24028
0.37709, 0.41234, 3.21650
0.04645, 0.42455, 3.23749
-0.01238, 0.16515, 3.20285
-0.00553, -0.07706, 3.11438
0.00328, -0.17192, 3.06843
0.43278, 0.14378, 3.17127
0.42798, -0.11037, 3.04441
0.42292, -0.20078, 3.00166
0.21138, 0.17635, 3.20184
0.20902, 0.12176, 3.14007
0.28101, 0.05195, 3.12079
0.13616, 0.04900, 3.11920
0.20031, -0.52471, 3.07616
0.18090, -0.80356, 3.28803
0.20350, -0.82027, 3.14412
0.25664, -0.48847, 2.93754
0.23633, -0.76248, 2.77566
0.24941, -0.81949, 2.65440
0.21292, 0.71858, 3.24001
0.21968, 0.52987, 3.20501
0.37958, 0.41150, 3.19379
0.04990, 0.42629, 3.19818
-0.01116, 0.15956, 3.16101
-0.00837, -0.07351, 3.07373
0.00027, -0.17059, 3.03558
0.43118, 0.14144, 3.13425
0.42933, -0.10169, 3.01258
0.42324, -0.19727, 2.97661
0.21269, 0.17731, 3.17096
0.21032, 0.12274, 3.10901
0.28142, 0.05165, 3.08912
0.13612, 0.05073, 3.08942
0.20244, -0.50777, 3.01979
0.17778, -0.79517, 3.28022
0.20150, -0.78657, 3.11570
0.25660, -0.47009, 2.91999
0.23516, -0.77234, 2.77212
0.24312, -0.83964, 2.65667
0.22111, 0.72205, 3.22126
0.22293, 0.53217, 3.18576
0.38478, 0.41389, 3.16346
0.06047, 0.42429, 3.15056
-0.00832, 0.15685, 3.13567
-0.00959, -0.07450, 3.03212
-0.00223, -0.17374, 2.99635
0.43177, 0.13894, 3.08707
0.43101, -0.09318, 2.98742
0.42648, -0.19208, 2.95345
0.21449, 0.17832, 3.13944
0.21366, 0.12420, 3.07369
0.28393, 0.05590, 3.04852
0.14017, 0.05158, 3.05331
0.20220, -0.50324, 2.99507
0.18088, -0.80964, 3.23192
0.20327, -0.79528, 3.07089
0.26265, -0.45986, 2.88357
0.23521, -0.77990, 2.76962
0.24004, -0.85019, 2.65737
0.23104, 0.72969, 3.17887
0.22472, 0.53920, 3.15059
0.38076, 0.41650, 3.11612
0.06810, 0.42407, 3.12356
-0.00328, 0.15939, 3.10587
-0.00724, -0.07617, 2.99982
-0.00241, -0.17416, 2.96573
0.43291, 0.13783, 3.05939
0.42720, -0.08284, 2.95429
0.42249, -0.18102, 2.91148
0.21527, 0.17767, 3.09756
0.21233, 0.12267, 3.03252
0.27850, 0.05721, 3.01073
0.14259, 0.05387, 3.01701
0.17698, -0.48962, 3.00489
0.17974, -0.81785, 3.21087
0.20102, -0.80326, 3.05683
0.26371, -0.45685, 2.86814
0.23571, -0.78457, 2.76696
0.23847, -0.85644, 2.65744
0.23495, 0.73010, 3.15814
0.23037, 0.49893, 3.10923
0.37979, 0.41899, 3.08374
0.07170, 0.42564, 3.10750
-0.00004, 0.16129, 3.07964
-0.00826, -0.06394, 2.97000
-0.00517, -0.16220, 2.93230
0.43397, 0.14359, 3.01940
0.42495, -0.07864, 2.91559
0.42503, -0.18024, 2.88432
0.21590, 0.17479, 3.07561
0.21151, 0.12188, 3.01309
0.27395, 0.05570, 2.98913
0.14339, 0.05593, 2.99525
0.11839, -0.47724, 3.01927
0.30254, -0.75258, 2.86868
0.28641, -0.78523, 2.74390
0.25963, -0.48827, 2.82827
0.23665, -0.85212, 2.66889
0.18708, -0.88474, 2.55592
0.24152, 0.75052, 3.11979
0.23596, 0.53401, 3.07955
0.38664, 0.42835, 3.06054
0.07527, 0.44132, 3.07093
0.00221, 0.16622, 3.04419
-0.00873, -0.05936, 2.95363
-0.00623, -0.15181, 2.90223
0.43883, 0.15926, 2.99401
0.42568, -0.07379, 2.87160
0.42624, -0.17773, 2.84339
0.21675, 0.19342, 3.03936
0.21247, 0.13961, 2.97620
0.27385, 0.06890, 2.95734
0.14330, 0.07210, 2.95546
0.10090, -0.48111, 3.01364
0.34183, -0.74972, 2.76572
0.28282, -0.81486, 2.67843
0.25907, -0.49211, 2.81544
0.24188, -0.82855, 2.71990
0.22489, -0.88120, 2.63429
0.24358, 0.75875, 3.10293
0.23783, 0.55374, 3.06304
0.39108, 0.44156, 3.03628
0.07854, 0.44867, 3.04494
0.00324, 0.17429, 3.02252
-0.00579, -0.03984, 2.92096
-0.00530, -0.12958, 2.86120
0.44342, 0.16701, 2.96415
0.42762, -0.07034, 2.85020
0.42695, -0.17518, 2.82298
0.21798, 0.20091, 3.01773
0.21364, 0.14746, 2.95257
0.27459, 0.07784, 2.92959
0.14480, 0.08007, 2.93176
0.08949, -0.48256, 2.97873
0.37760, -0.74501, 2.67025
0.27721, -0.85027, 2.66813
0.25847, -0.49391, 2.80727
0.24372, -0.82973, 2.72376
0.22721, -0.88753, 2.63440
0.24534, 0.76580, 3.08834
0.23961, 0.56685, 3.05349
0.39428, 0.45125, 3.01891
0.07894, 0.45383, 3.03355
0.00393, 0.18028, 3.01119
-0.00528, -0.02883, 2.90558
-0.00547, -0.12006, 2.84536
0.44830, 0.17750, 2.94447
0.43004, -0.06360, 2.82451
0.42828, -0.16311, 2.78193
0.21978, 0.20733, 3.00365
0.21452, 0.15409, 2.93789
0.27601, 0.08550, 2.90978
0.14531, 0.08520, 2.91894
0.08452, -0.48308, 2.95515
0.16746, -0.83239, 3.09535
0.18908, -0.85148, 2.96148
0.25760, -0.49298, 2.80406
0.24503, -0.82222, 2.73738
0.23604, -0.88603, 2.64836
0.24129, 0.77501, 3.04862
0.24187, 0.57884, 3.03511
0.39453, 0.46455, 2.98368
0.07775, 0.45926, 3.02581
0.00692, 0.18484, 2.99433
-0.00374, -0.02063, 2.87843
-0.00554, -0.11461, 2.82466
0.45132, 0.19071, 2.91981
0.42894, -0.05936, 2.79548
0.42768, -0.15803, 2.76127
0.22379, 0.21642, 2.98549
0.21512, 0.16225, 2.92129
0.27786, 0.09477, 2.88478
0.14508, 0.09018, 2.90826
0.08234, -0.46434, 2.89569
0.15556, -0.81161, 3.02430
0.18302, -0.84842, 2.89587
0.25615, -0.48919, 2.80419
0.24564, -0.81730, 2.74509
0.24063, -0.88496, 2.65540
0.24044, 0.78047, 3.03106
0.24306, 0.58651, 3.02283
0.39398, 0.47037, 2.96496
0.07624, 0.46754, 3.01594
0.00835, 0.19568, 2.97212
-0.00262, -0.01281, 2.85972
-0.00500, -0.10500, 2.80154
0.45343, 0.20081, 2.88722
0.43480, -0.03839, 2.77208
0.42760, -0.14225, 2.74248
0.22611, 0.22369, 2.96562
0.21553, 0.17031, 2.89987
0.27853, 0.10202, 2.86106
0.14471, 0.09899, 2.88894
0.08321, -0.44016, 2.83120
0.10889, -0.80946, 3.04106
0.16276, -0.84690, 2.92386
0.25467, -0.48412, 2.80458
0.24593, -0.81376, 2.74960
0.24341, -0.88425, 2.65955
0.23975, 0.78630, 3.01889
0.24405, 0.59587, 3.00167
0.39339, 0.47572, 2.94009
0.07338, 0.47602, 3.00171
0.00977, 0.20610, 2.95161
-0.00217, -0.00275, 2.82387
-0.00505, -0.09687, 2.77028
0.45430, 0.20719, 2.86701
0.43628, -0.02769, 2.75525
0.42450, -0.12185, 2.70829
0.22819, 0.23062, 2.94280
0.21573, 0.17693, 2.87765
0.27937, 0.10723, 2.83756
0.14372, 0.10594, 2.87014
0.08707, -0.42737, 2.77737
0.09506, -0.80959, 2.99370
0.10165, -0.88089, 2.96133
0.25358, -0.47997, 2.80426
0.24620, -0.81063, 2.75258
0.24534, -0.88272, 2.66267
0.23916, 0.79184, 3.00054
0.24143, 0.60113, 2.98317
0.39033, 0.47846, 2.91266
0.07009, 0.48518, 2.98361
0.01082, 0.21496, 2.92999
0.00014, 0.00647, 2.80103
-0.00131, -0.08543, 2.74283
0.45514, 0.21559, 2.84410
0.43025, -0.03109, 2.71792
0.42199, -0.12207, 2.68561
0.22803, 0.23385, 2.92249
0.21447, 0.17997, 2.85706
0.27888, 0.10899, 2.81471
0.14198, 0.10979, 2.85274
0.10200, -0.42900, 2.73362
0.08507, -0.82269, 2.91812
0.05974, -0.90373, 2.88263
0.25327, -0.47728, 2.80333
0.24633, -0.80845, 2.75447
0.24655, -0.88087, 2.66502
0.23461, 0.79754, 2.97509
0.24076, 0.60503, 2.95603
0.38961, 0.48086, 2.88833
0.06652, 0.49102, 2.95095
0.01145, 0.22216, 2.89549
0.00264, 0.01037, 2.78075
0.00470, -0.07813, 2.71410
0.45565, 0.22104, 2.82250
0.42819, -0.03212, 2.70196
0.41913, -0.12393, 2.66177
0.22870, 0.23558, 2.89531
0.21519, 0.18129, 2.82970
0.28083, 0.10959, 2.78767
0.14140, 0.11086, 2.82515
0.11247, -0.43044, 2.70223
0.09764, -0.81667, 2.83456
0.04323, -0.88884, 2.80485
0.25342, -0.47537, 2.80192
0.24631, -0.80683, 2.75551
0.24721, -0.87884, 2.66673
0.23103, 0.80084, 2.94346
0.23936, 0.60750, 2.92960
0.38730, 0.48158, 2.86099
0.06482, 0.49456, 2.92224
0.01293, 0.22422, 2.86562
0.00566, 0.01345, 2.74596
0.00744, -0.07566, 2.68516
0.45387, 0.22109, 2.79366
0.42573, -0.03537, 2.67430
0.41801, -0.12542, 2.64131
0.22906, 0.23655, 2.86573
0.21592, 0.18214, 2.79935
0.28247, 0.11079, 2.76425
0.14142, 0.11245, 2.78639
0.12266, -0.43820, 2.67316
0.08935, -0.82524, 2.74661
0.06332, -0.89031, 2.68735
0.25420, -0.47420, 2.79989
0.24436, -0.80654, 2.75557
0.23238, -0.87594, 2.67448
0.22880, 0.80328, 2.92466
0.23912, 0.60865, 2.90259
0.38497, 0.48073, 2.83522
0.06549, 0.49387, 2.88874
0.01365, 0.22497, 2.84648
0.01344, 0.01647, 2.70409
0.01376, -0.07077, 2.64089
0.45190, 0.22173, 2.77295
0.42383, -0.03261, 2.66012
0.41691, -0.12392, 2.62255
0.22971, 0.23717, 2.84222
0.21722, 0.18246, 2.77609
0.28457, 0.11213, 2.73904
0.14223, 0.11313, 2.76619
0.13040, -0.44007, 2.65081
0.11015, -0.82221, 2.64260
0.07091, -0.88287, 2.58227
0.25619, -0.47303, 2.79529
0.24219, -0.80699, 2.75445
0.23017, -0.87512, 2.67649
0.22376, 0.80141, 2.89716
0.23538, 0.60543, 2.86528
0.38441, 0.48025, 2.81566
0.06507, 0.49162, 2.86565
0.01424, 0.22579, 2.82747
0.01729, 0.01704, 2.68483
0.01858, -0.05970, 2.62325
0.45079, 0.22211, 2.75648
0.41819, -0.03454, 2.62902
0.41488, -0.12447, 2.60247
0.22863, 0.23679, 2.81996
0.21695, 0.18157, 2.75536
0.28503, 0.11077, 2.71899
0.14183, 0.11293, 2.74767
0.13592, -0.43930, 2.60798
0.10748, -0.80347, 2.52555
0.07182, -0.86288, 2.45760
0.25064, -0.47005, 2.75847
0.23935, -0.80881, 2.75045
0.22910, -0.87484, 2.67700
0.21946, 0.79881, 2.86899
0.23161, 0.60301, 2.83212
0.38183, 0.48109, 2.79259
0.06238, 0.48934, 2.84463
0.01300, 0.22372, 2.79670
0.01957, 0.01621, 2.66924
0.02202, -0.05518, 2.61180
0.44974, 0.22071, 2.73495
0.41607, -0.03527, 2.61401
0.41133, -0.12550, 2.58164
0.22756, 0.23603, 2.79192
0.21657, 0.18029, 2.72874
0.28548, 0.10822, 2.69359
0.14173, 0.11226, 2.72368
0.13469, -0.43534, 2.56862
0.11406, -0.79559, 2.42838
0.07594, -0.84264, 2.35363
0.24794, -0.46853, 2.73854
0.23724, -0.81029, 2.74667
0.22896, -0.87462, 2.67609
0.21461, 0.79460, 2.84444
0.22825, 0.60005, 2.80743
0.37927, 0.48133, 2.77095
0.05865, 0.48518, 2.81456
0.01138, 0.22218, 2.77784
0.01999, 0.01563, 2.65382
0.02421, -0.05230, 2.60300
0.44922, 0.21909, 2.71711
0.41538, -0.03687, 2.59719
0.40807, -0.12841, 2.55506
0.22556, 0.23343, 2.76646
0.21591, 0.17731, 2.70309
0.28528, 0.10373, 2.66938
0.14192, 0.11033, 2.69673
0.13591, -0.45959, 2.53114
0.11897, -0.78624, 2.34799
0.08959, -0.82243, 2.26396
0.21933, -0.48094, 2.66801
0.23545, -0.81118, 2.74102
0.23210, -0.87416, 2.67172
0.20652, 0.78563, 2.80309
0.22423, 0.59460, 2.78155
0.37795, 0.48000, 2.74836
0.05346, 0.47833, 2.78298
0.00837, 0.21867, 2.75000
0.02094, 0.01213, 2.63243
0.02147, -0.06473, 2.56778
0.44776, 0.21792, 2.69506
0.41424, -0.04069, 2.57647
0.40646, -0.13100, 2.54051
0.22344, 0.22867, 2.74095
0.21537, 0.17228, 2.67751
0.28517, 0.09815, 2.64502
0.14235, 0.10364, 2.66797
0.13004, -0.47325, 2.48026
0.12861, -0.77664, 2.26812
0.09998, -0.79963, 2.18200
0.20519, -0.48933, 2.62486
0.23548, -0.81176, 2.73508
0.23722, -0.87398, 2.66378
0.20088, 0.78111, 2.76949
0.21988, 0.59029, 2.74620
0.36937, 0.47672, 2.70655
0.04979, 0.47620, 2.75651
0.00376, 0.21219, 2.71177
0.01737, 0.00279, 2.60796
0.01861, -0.08274, 2.54306
0.44307, 0.21050, 2.65899
0.41451, -0.04325, 2.55933
0.40554, -0.13456, 2.52595
0.22138, 0.22061, 2.70869
0.21299, 0.16253, 2.64527
0.28187, 0.09058, 2.61755
0.14244, 0.09434, 2.63892
0.13014, -0.48054, 2.44897
0.13093, -0.76496, 2.21329
0.11221, -0.78356, 2.12458
0.19576, -0.49670, 2.56917
0.23800, -0.81186, 2.73083
0.24787, -0.87549, 2.65849
0.19803, 0.77739, 2.74565
0.21675, 0.58750, 2.72665
0.36649, 0.47435, 2.68440
0.04572, 0.47423, 2.73008
-0.00063, 0.20758, 2.68371
0.01051, -0.00424, 2.57508
0.01562, -0.09425, 2.51661
0.43947, 0.20597, 2.63101
0.41653, -0.05088, 2.52831
0.40778, -0.14272, 2.49862
0.21949, 0.21531, 2.68544
0.21206, 0.15676, 2.62136
0.28040, 0.08508, 2.59263
0.14329, 0.08656, 2.60995
0.13404, -0.48064, 2.42911
0.13638, -0.76346, 2.15448
0.11119, -0.77546, 2.06947
0.20519, -0.50860, 2.55989
0.24261, -0.81448, 2.72800
0.25773, -0.88108, 2.65591
0.19578, 0.77557, 2.72885
0.21031, 0.58412, 2.70170
0.36126, 0.46873, 2.64521
0.03500, 0.46741, 2.68770
-0.00568, 0.20461, 2.65099
0.00487, -0.01030, 2.55117
0.01174, -0.10191, 2.49228
0.43426, 0.20110, 2.59537
0.41681, -0.05337, 2.50780
0.40888, -0.14754, 2.48172
0.21378, 0.20941, 2.65366
0.20717, 0.15094, 2.58884
0.27626, 0.07900, 2.56063
0.13831, 0.07984, 2.57529
0.14080, -0.47380, 2.41127
0.13925, -0.76136, 2.14165
0.11575, -0.76724, 2.04307
0.28271, -0.49865, 2.65669
0.24741, -0.81625, 2.72526
0.27919, -0.88921, 2.63587
0.18423, 0.77094, 2.68133
0.20129, 0.58086, 2.66288
0.35732, 0.46659, 2.61861
0.03005, 0.46488, 2.66022
-0.01134, 0.19904, 2.60864
-0.00015, -0.03485, 2.49352
0.00959, -0.12305, 2.44945
0.42995, 0.19731, 2.56765
0.41869, -0.05650, 2.48306
0.40954, -0.15090, 2.45934
0.20855, 0.20793, 2.62153
0.20259, 0.14959, 2.55748
0.27129, 0.07754, 2.52446
0.13463, 0.07837, 2.54831
0.14304, -0.45789, 2.35793
0.14524, -0.75999, 2.13745
0.11912, -0.77261, 2.03129
0.29812, -0.49288, 2.64510
0.25397, -0.80388, 2.70445
0.24882, -0.81346, 2.57091
0.17939, 0.77094, 2.65734
0.19116, 0.57961, 2.63099
0.34846, 0.46339, 2.57709
0.02412, 0.46523, 2.62700
-0.01402, 0.19892, 2.58432
-0.00536, -0.04552, 2.44620
0.00460, -0.13074, 2.40040
0.42386, 0.19401, 2.53071
0.41931, -0.05717, 2.45907
0.40873, -0.15306, 2.42304
0.20075, 0.20787, 2.58478
0.19477, 0.15030, 2.52003
0.26403, 0.07923, 2.48507
0.12734, 0.07846, 2.51318
0.14278, -0.44603, 2.31898
0.15219, -0.75870, 2.12795
0.12599, -0.77910, 2.03473
0.30970, -0.49204, 2.65121
0.25579, -0.79837, 2.68452
0.23485, -0.78982, 2.53201
0.16816, 0.77323, 2.61373
0.18179, 0.58128, 2.60061
0.34355, 0.46308, 2.55487
0.01896, 0.46514, 2.59188
-0.02040, 0.19958, 2.54139
-0.01153, -0.04282, 2.41238
-0.00465, -0.12734, 2.35407
0.41966, 0.19393, 2.50595
0.41694, -0.05672, 2.41957
0.40607, -0.15234, 2.38340
0.19325, 0.20871, 2.54925
0.18880, 0.15154, 2.48349
0.25936, 0.08119, 2.45486
0.12120, 0.08047, 2.46911
0.13862, -0.43375, 2.28608
0.15670, -0.75822, 2.12595
0.13027, -0.78524, 2.03968
0.31128, -0.48972, 2.63048
0.25760, -0.79182, 2.67274
0.22733, -0.77223, 2.51515
0.16372, 0.77629, 2.59263
0.17209, 0.58608, 2.56339
0.33814, 0.46551, 2.52518
0.01335, 0.46692, 2.56284
-0.02469, 0.20114, 2.51719
-0.02512, -0.01984, 2.37992
-0.01720, -0.10584, 2.31743
0.41304, 0.19576, 2.46379
0.41428, -0.05500, 2.38411
0.40272, -0.15189, 2.33840
0.18694, 0.21218, 2.51367
0.18306, 0.15487, 2.44826
0.25382, 0.08551, 2.41215
0.11620, 0.08275, 2.43924
0.13335, -0.42138, 2.25866
0.15890, -0.75758, 2.12772
0.13248, -0.79156, 2.04812
0.30052, -0.47839, 2.58039
0.26209, -0.77572, 2.64864
0.22472, -0.75699, 2.49700
0.15648, 0.78183, 2.56000
0.16623, 0.59074, 2.53726
0.33070, 0.46975, 2.49675
0.00618, 0.47015, 2.53443
-0.03492, 0.20550, 2.47344
-0.03303, -0.01101, 2.34640
-0.02341, -0.10075, 2.28781
0.40899, 0.19880, 2.44089
0.41140, -0.05205, 2.35250
0.40204, -0.14994, 2.31611
0.17957, 0.21764, 2.48069
0.17519, 0.16132, 2.41368
0.24681, 0.09043, 2.38063
0.10651, 0.09179, 2.39995
0.12793, -0.40983, 2.23765
0.15987, -0.75629, 2.12860
0.13360, -0.79591, 2.05304
0.28965, -0.45636, 2.51543
0.26371, -0.74519, 2.58331
0.22202, -0.73986, 2.44622
0.14964, 0.78870, 2.53426
0.15956, 0.59735, 2.51139
0.31980, 0.47826, 2.46097
-0.00144, 0.47794, 2.50124
-0.04093, 0.21000, 2.45018
-0.03994, 0.00099, 2.32378
-0.02984, -0.09018, 2.26488
0.40008, 0.20637, 2.40459
0.40411, -0.04578, 2.30705
0.39729, -0.14008, 2.27498
0.17310, 0.22381, 2.45137
0.16865, 0.16783, 2.38402
0.23929, 0.09782, 2.34867
0.10081, 0.09847, 2.37269
0.12304, -0.40034, 2.22180
0.16036, -0.75509, 2.12902
0.13407, -0.79915, 2.05623
0.24815, -0.45315, 2.40658
0.26808, -0.75085, 2.56660
0.23140, -0.76938, 2.44284
0.14312, 0.79697, 2.50570
0.15403, 0.60450, 2.48842
0.31523, 0.48470, 2.44125
-0.00755, 0.48795, 2.46554
-0.05161, 0.22383, 2.40883
-0.04774, 0.01343, 2.29748
-0.03985, -0.05667, 2.24945
0.39305, 0.21252, 2.37854
0.39836, -0.02176, 2.27536
0.39452, -0.12114, 2.24243
0.16594, 0.23170, 2.42180
0.16289, 0.17677, 2.35321
0.23375, 0.10652, 2.32071
0.09471, 0.10860, 2.33598
0.12064, -0.39518, 2.21305
0.15985, -0.75327, 2.12943
0.13448, -0.80141, 2.05827
0.26072, -0.43561, 2.35731
0.27471, -0.75838, 2.55654
0.23513, -0.77074, 2.43224
0.13766, 0.81075, 2.47123
0.14910, 0.61807, 2.45511
0.30684, 0.49836, 2.41174
-0.01231, 0.49851, 2.43711
-0.05830, 0.22961, 2.38409
-0.05512, 0.02360, 2.26730
-0.04555, -0.03848, 2.23056
0.38184, 0.22126, 2.34723
0.39292, -0.00176, 2.24728
0.39270, -0.10410, 2.21285
0.16110, 0.24203, 2.39122
0.15843, 0.18668, 2.32320
0.22875, 0.11876, 2.29229
0.09091, 0.11701, 2.30689
0.11951, -0.39201, 2.20710
0.15863, -0.75107, 2.12974
0.13474, -0.80299, 2.05969
0.25832, -0.42028, 2.29313
0.27941, -0.75959, 2.53298
0.23809, -0.77268, 2.41572
0.13452, 0.81765, 2.45142
0.14594, 0.62594, 2.43087
0.30282, 0.50550, 2.39246
-0.01682, 0.50597, 2.40897
-0.06629, 0.23671, 2.35422
-0.05911, 0.02837, 2.24659
-0.04953, -0.02874, 2.20937
0.37588, 0.22701, 2.32660
0.38954, 0.00994, 2.22734
0.38904, -0.08881, 2.18153
0.15624, 0.24862, 2.36787
0.15432, 0.19309, 2.29999
0.22486, 0.12615, 2.27188
0.08616, 0.12260, 2.28133
0.11995, -0.39048, 2.20342
0.15740, -0.74922, 2.13002
0.13487, -0.80413, 2.06074
0.25906, -0.40086, 2.23912
0.28233, -0.75371, 2.47830
0.23778, -0.76979, 2.36458
0.13087, 0.82640, 2.42355
0.14133, 0.63280, 2.41031
0.29135, 0.51486, 2.36031
-0.02132, 0.51307, 2.38649
-0.07347, 0.24138, 2.32953
-0.06274, 0.03161, 2.22358
-0.05534, -0.04371, 2.16966
0.37085, 0.23229, 2.30661
0.38260, 0.02193, 2.19911
0.38419, -0.07978, 2.15713
0.15189, 0.25397, 2.34505
0.14967, 0.19832, 2.27652
0.21942, 0.13442, 2.24693
0.08230, 0.12667, 2.25987
0.12231, -0.39103, 2.19974
0.15635, -0.74777, 2.13014
0.13495, -0.80498, 2.06149
0.26310, -0.38251, 2.19169
0.28273, -0.73857, 2.42252
0.23425, -0.76050, 2.31124
0.12950, 0.83322, 2.40326
0.13790, 0.64063, 2.38868
0.28642, 0.52004, 2.34174
-0.02645, 0.52024, 2.35968
-0.08071, 0.24615, 2.30126
-0.06695, 0.03450, 2.19480
-0.05796, -0.05548, 2.14439
0.36521, 0.23809, 2.28005
0.37716, 0.02842, 2.17467
0.37666, -0.07029, 2.12054
0.14633, 0.25976, 2.32288
0.14456, 0.20369, 2.25427
0.21445, 0.14079, 2.22680
0.07639, 0.13178, 2.23535
0.12477, -0.39306, 2.19586
0.15543, -0.74659, 2.13021
0.13499, -0.80561, 2.06206
0.25427, -0.37388, 2.14724
0.28533, -0.73404, 2.35580
0.22882, -0.75991, 2.24785
0.13045, 0.84052, 2.36975
0.13501, 0.64756, 2.36698
0.28371, 0.52456, 2.32106
-0.03000, 0.52763, 2.33512
-0.08617, 0.25096, 2.27545
-0.07001, 0.03712, 2.17076
-0.06039, -0.06138, 2.12732
0.35984, 0.24312, 2.25737
0.37102, 0.03531, 2.14396
0.36884, -0.06201, 2.08719
0.14061, 0.26611, 2.29942
0.13889, 0.21005, 2.23046
0.20833, 0.14785, 2.20313
0.07041, 0.13756, 2.21145
0.12680, -0.39545, 2.19053
0.15468, -0.74569, 2.13027
0.13501, -0.80608, 2.06249
0.24731, -0.36682, 2.11360
0.28068, -0.74503, 2.26630
0.21028, -0.77284, 2.16551
0.13104, 0.84421, 2.34856
0.13144, 0.65306, 2.33201
0.28214, 0.52906, 2.29599
-0.03432, 0.53387, 2.31554
-0.09311, 0.26512, 2.25140
-0.07311, 0.04406, 2.14751
-0.06323, -0.06161, 2.11099
0.35502, 0.24774, 2.23419
0.36574, 0.03907, 2.12055
0.36318, -0.05739, 2.06381
0.13574, 0.27284, 2.27482
0.13352, 0.21637, 2.20695
0.20346, 0.15316, 2.18192
0.06395, 0.14344, 2.18688
0.12682, -0.39934, 2.18210
0.15405, -0.74492, 2.13028
0.16768, -0.81358, 2.07901
0.23930, -0.37563, 2.08711
0.27265, -0.74646, 2.17768
0.23774, -0.80316, 2.10663
0.13035, 0.84505, 2.31757
0.12879, 0.65616, 2.30942
0.28163, 0.53151, 2.27058
-0.03737, 0.54116, 2.28588
-0.09802, 0.27384, 2.23258
-0.07647, 0.04799, 2.12341
-0.06561, -0.06147, 2.09216
0.34895, 0.25114, 2.20573
0.36039, 0.04097, 2.09240
0.35858, -0.05393, 2.03477
0.13012, 0.27765, 2.24957
0.12791, 0.22158, 2.18146
0.19781, 0.15777, 2.15576
0.05763, 0.14845, 2.16174
0.12424, -0.40413, 2.17361
0.15363, -0.74440, 2.13018
0.17506, -0.81481, 2.08060
0.22662, -0.38916, 2.04911
0.25250, -0.74298, 2.09168
0.24888, -0.81557, 2.03477
0.12921, 0.84640, 2.29418
0.12697, 0.65795, 2.27994
0.28158, 0.53265, 2.24412
-0.03875, 0.54367, 2.25851
-0.10114, 0.27984, 2.21304
-0.07886, 0.05042, 2.10217
-0.06782, -0.05921, 2.06901
0.34466, 0.25780, 2.18494
0.35484, 0.04753, 2.06552
0.35218, -0.04610, 2.00665
0.12565, 0.27995, 2.22405
0.12324, 0.22362, 2.15653
0.19309, 0.15923, 2.13269
0.05237, 0.15069, 2.13636
0.11985, -0.40954, 2.16526
0.15336, -0.74414, 2.12972
0.15734, -0.81507, 2.07539
0.21708, -0.37634, 2.00304
0.23687, -0.72454, 2.01273
0.23903, -0.81071, 1.97160
0.12627, 0.84596, 2.26926
0.12473, 0.65787, 2.25261
0.28200, 0.53119, 2.21798
-0.03915, 0.54304, 2.22882
-0.10369, 0.28250, 2.19070
-0.08088, 0.05200, 2.07594
-0.06901, -0.05663, 2.04232
0.33716, 0.25875, 2.14797
0.34922, 0.04701, 2.03431
0.34761, -0.04715, 1.98010
0.12178, 0.28054, 2.19894
0.11954, 0.22404, 2.13191
0.18923, 0.15902, 2.11002
0.04844, 0.15142, 2.11068
0.11549, -0.41336, 2.15891
0.15306, -0.74457, 2.12792
0.14455, -0.81664, 2.07026
0.21239, -0.36072, 1.95821
0.23475, -0.70336, 1.91767
0.21290, -0.79105, 1.92912
0.12537, 0.84533, 2.24496
0.12258, 0.65746, 2.22954
0.28179, 0.53010, 2.19459
-0.03975, 0.53957, 2.20023
-0.10571, 0.28336, 2.17097
-0.08167, 0.05218, 2.05120
-0.06852, -0.05461, 2.01224
0.33514, 0.25941, 2.12911
0.34536, 0.04745, 2.00979
0.34237, -0.04762, 1.95670
0.11919, 0.27975, 2.17481
0.11737, 0.22306, 2.10754
0.18713, 0.15764, 2.08468
0.04624, 0.15062, 2.08725
0.11049, -0.41582, 2.15229
0.15254, -0.74678, 2.12466
0.13531, -0.81912, 2.06483
0.20803, -0.35383, 1.93258
0.22965, -0.67503, 1.83258
0.22108, -0.73764, 1.78694
0.12171, 0.84176, 2.20903
0.12116, 0.65432, 2.19961
0.27805, 0.52492, 2.15692
-0.03872, 0.53540, 2.17323
-0.10805, 0.27982, 2.14360
-0.08293, 0.05002, 2.02549
-0.06960, -0.05475, 1.99147
0.33438, 0.25846, 2.10316
0.33973, 0.04560, 1.98179
0.33719, -0.05134, 1.93278
0.11760, 0.27579, 2.14566
0.11506, 0.21869, 2.07842
0.18412, 0.15441, 2.05660
0.04447, 0.14709, 2.06036
0.09741, -0.40641, 2.13157
0.15053, -0.74955, 2.12024
0.12901, -0.82190, 2.06048
0.20391, -0.34969, 1.91723
0.21427, -0.63967, 1.77009
0.21165, -0.68125, 1.67613
0.11887, 0.83896, 2.18312
0.11919, 0.65111, 2.17465
0.27484, 0.52224, 2.13150
-0.03791, 0.53075, 2.14917
-0.10899, 0.27713, 2.11955
-0.08418, 0.04784, 2.00162
-0.07109, -0.05582, 1.96412
0.33391, 0.25848, 2.08153
0.33711, 0.04316, 1.96175
0.33371, -0.05508, 1.91353
0.11603, 0.27127, 2.11956
0.11314, 0.21387, 2.05211
0.18156, 0.14978, 2.02806
0.04308, 0.14360, 2.03606
0.08630, -0.37180, 2.08866
0.14575, -0.75098, 2.11445
0.12480, -0.82394, 2.05779
0.19392, -0.32604, 1.88739
0.19752, -0.65963, 1.68184
0.19672, -0.69710, 1.57014
0.11582, 0.83376, 2.14907
0.11780, 0.64606, 2.14510
0.27492, 0.51882, 2.10553
-0.03963, 0.52570, 2.12319
-0.10927, 0.27279, 2.09091
-0.08510, 0.04512, 1.97979
-0.07098, -0.05750, 1.93879
0.33497, 0.25845, 2.05144
0.33520, 0.04047, 1.93951
0.32991, -0.05882, 1.89211
0.11494, 0.26765, 2.09159
0.11178, 0.21048, 2.02436
0.18149, 0.14567, 1.99658
0.04028, 0.13937, 2.00704
0.07925, -0.35064, 2.05623
0.13773, -0.74893, 2.10623
0.12186, -0.82502, 2.05650
0.18851, -0.31121, 1.87145
0.18274, -0.66033, 1.63345
0.18027, -0.70066, 1.50442
0.11367, 0.82942, 2.11955
0.11511, 0.64121, 2.11604
0.27682, 0.51687, 2.08076
-0.04192, 0.52207, 2.10044
-0.10847, 0.26921, 2.06549
-0.08652, 0.04352, 1.95858
-0.07060, -0.05862, 1.91867
0.33680, 0.24915, 2.00959
0.33204, 0.01543, 1.89238
0.32641, -0.07213, 1.86314
0.11489, 0.26523, 2.06398
0.11176, 0.20855, 1.99696
0.18346, 0.14282, 1.96802
0.03902, 0.13623, 1.98011
0.07920, -0.35090, 2.00767
0.11788, -0.72045, 2.10442
0.11808, -0.82444, 2.05625
0.18373, -0.30279, 1.85683
0.17199, -0.66017, 1.60133
0.16956, -0.70078, 1.46623
0.11227, 0.82545, 2.08799
0.11404, 0.63717, 2.08681
0.27736, 0.51157, 2.03976
-0.04433, 0.51740, 2.07037
-0.10688, 0.26420, 2.03611
-0.08812, 0.04216, 1.93701
-0.07286, -0.05892, 1.89763
0.33709, 0.24245, 1.97851
0.33065, 0.00232, 1.86404
0.32637, -0.07616, 1.83801
0.11499, 0.26204, 2.03550
0.11102, 0.20549, 1.96873
0.18358, 0.13928, 1.94011
0.03751, 0.13256, 1.95358
0.07779, -0.35067, 1.98933
0.11072, -0.70942, 2.10199
0.10952, -0.81849, 2.05290
0.17499, -0.29669, 1.81742
0.16426, -0.66279, 1.58018
0.15947, -0.70721, 1.44328
0.11006, 0.82237, 2.06038
0.11434, 0.63413, 2.06091
0.27881, 0.50980, 2.01650
-0.04606, 0.51500, 2.04752
-0.10406, 0.25928, 2.00624
-0.08984, 0.04058, 1.91167
-0.08884, -0.04169, 1.86637
0.33780, 0.24199, 1.95332
0.32925, -0.00471, 1.83436
0.32754, -0.07867, 1.81210
0.11479, 0.26085, 2.00744
0.11016, 0.20499, 1.94027
0.18335, 0.13708, 1.90772
0.03552, 0.13180, 1.92590
0.06934, -0.33514, 1.95191
0.10262, -0.68261, 2.09154
0.10361, -0.81012, 2.04829
0.16862, -0.29530, 1.77989
0.15735, -0.66756, 1.56665
0.14961, -0.71851, 1.43397
0.10715, 0.81912, 2.02542
0.11680, 0.63107, 2.02682
0.27995, 0.50909, 1.98158
-0.04624, 0.51317, 2.01803
-0.10217, 0.25532, 1.98179
-0.09107, 0.03829, 1.88724
-0.09502, -0.03801, 1.85297
0.33929, 0.24335, 1.92299
0.32926, -0.00790, 1.80525
0.33064, -0.08389, 1.76718
0.11447, 0.25918, 1.97568
0.10835, 0.20357, 1.90895
0.18133, 0.13471, 1.88040
0.03300, 0.13122, 1.89399
0.06482, -0.32952, 1.93785
0.09916, -0.67350, 2.08655
0.09946, -0.80478, 2.04393
0.16568, -0.29576, 1.73561
0.15098, -0.67479, 1.55899
0.13941, -0.73411, 1.43497
0.10744, 0.81788, 2.00475
0.11869, 0.62940, 2.00299
0.28092, 0.50819, 1.95293
-0.04393, 0.51345, 1.98938
-0.09821, 0.25224, 1.95328
-0.09091, 0.03625, 1.85471
-0.08913, -0.05083, 1.81423
0.34134, 0.24512, 1.89284
0.33063, -0.00600, 1.77706
0.33270, -0.08590, 1.74015
0.11579, 0.25715, 1.94438
0.10908, 0.20206, 1.87629
0.18133, 0.13294, 1.84661
0.03401, 0.13092, 1.86000
0.05672, -0.31794, 1.89685
0.09670, -0.66370, 2.07401
0.09452, -0.79545, 2.03268
0.16485, -0.29794, 1.71197
0.14643, -0.68083, 1.55213
0.13347, -0.74314, 1.43210
0.11304, 0.81735, 1.96521
0.12470, 0.62915, 1.96833
0.28145, 0.50712, 1.91506
-0.02984, 0.51163, 1.94158
-0.09535, 0.25120, 1.92294
-0.09088, 0.03530, 1.82339
-0.08715, -0.06014, 1.78398
0.34570, 0.24669, 1.86011
0.33407, 0.00041, 1.73979
0.33620, -0.08423, 1.70439
0.11838, 0.25299, 1.90488
0.11183, 0.19750, 1.83582
0.18034, 0.13048, 1.80849
0.03879, 0.12981, 1.82378
0.05151, -0.31312, 1.86955
0.09648, -0.65750, 2.05578
0.09148, -0.79104, 2.03037
0.16832, -0.30231, 1.67236
0.14314, -0.68859, 1.54833
0.13016, -0.75365, 1.43334
0.11360, 0.81734, 1.94578
0.13039, 0.62980, 1.93589
0.27809, 0.50958, 1.87928
-0.01759, 0.51015, 1.90286
-0.09155, 0.24937, 1.88820
-0.09027, 0.03268, 1.79013
-0.08440, -0.06886, 1.74924
0.35165, 0.24587, 1.82133
0.33687, 0.00653, 1.70684
0.33818, -0.08118, 1.67600
0.12224, 0.24782, 1.86737
0.11500, 0.19148, 1.79751
0.17937, 0.12787, 1.77279
0.04595, 0.12764, 1.78374
0.04626, -0.31450, 1.85022
0.09284, -0.67680, 2.01630
0.08518, -0.74832, 1.94238
0.16871, -0.30593, 1.65535
0.14232, -0.69569, 1.54127
0.12890, -0.76005, 1.42958
0.11003, 0.81776, 1.91764
0.13349, 0.63213, 1.90742
0.27015, 0.51231, 1.84308
-0.01102, 0.51008, 1.87680
-0.08894, 0.24858, 1.86044
-0.08848, 0.02214, 1.74466
-0.08427, -0.06991, 1.71936
0.35558, 0.24473, 1.78923
0.33874, 0.01094, 1.67032
0.34009, -0.07274, 1.64424
0.12465, 0.24414, 1.83718
0.11612, 0.18680, 1.76724
0.17668, 0.12577, 1.73738
0.04965, 0.12615, 1.75844
0.03331, -0.32102, 1.80774
0.08805, -0.68031, 1.98720
0.07587, -0.71531, 1.88633
0.16880, -0.31014, 1.63933
0.14258, -0.70305, 1.53628
0.12845, -0.76654, 1.42724
0.10444, 0.81921, 1.88881
0.13747, 0.63620, 1.87905
0.26574, 0.51303, 1.81424
-0.01564, 0.51523, 1.86170
-0.08535, 0.25625, 1.83027
-0.08802, 0.02386, 1.72047
-0.08639, -0.05769, 1.68378
0.35918, 0.24353, 1.75579
0.34090, 0.01355, 1.64005
0.34335, -0.06760, 1.61895
0.12737, 0.24576, 1.81268
0.11681, 0.18785, 1.74382
0.17646, 0.12608, 1.71538
0.04995, 0.12814, 1.72906
0.02274, -0.32286, 1.75580
0.07873, -0.67489, 1.94668
0.06222, -0.68971, 1.83249
0.16870, -0.31206, 1.62481
0.14306, -0.70821, 1.53393
0.12809, -0.77142, 1.42719
0.09530, 0.82145, 1.86311
0.14136, 0.64185, 1.84468
0.26736, 0.51105, 1.78772
-0.02305, 0.52078, 1.84691
-0.08214, 0.26420, 1.80014
-0.08716, 0.02297, 1.67361
-0.08841, -0.04994, 1.63793
0.36129, 0.24341, 1.73011
0.34238, 0.01685, 1.60931
0.34357, -0.05825, 1.57816
0.13015, 0.25178, 1.78450
0.11779, 0.19350, 1.71704
0.17966, 0.12944, 1.68496
0.04891, 0.13090, 1.70492
0.01587, -0.32904, 1.71991
0.07195, -0.67577, 1.91935
0.05426, -0.68368, 1.80264
0.16799, -0.31295, 1.61438
0.14421, -0.71213, 1.53225
0.12867, -0.77496, 1.42715
0.08530, 0.82305, 1.83643
0.14467, 0.64660, 1.82210
0.27615, 0.52000, 1.76537
-0.02329, 0.54095, 1.81356
-0.07978, 0.27027, 1.77213
-0.08732, 0.02774, 1.64312
-0.09014, -0.03996, 1.59774
0.36385, 0.24442, 1.70421
0.34362, 0.01986, 1.58208
0.34408, -0.05348, 1.55148
0.13177, 0.25878, 1.76113
0.12009, 0.20135, 1.69284
0.18269, 0.13407, 1.66320
0.04991, 0.13782, 1.67758
0.00852, -0.32989, 1.66590
0.06152, -0.66790, 1.87425
0.04812, -0.67936, 1.76308
0.16738, -0.31151, 1.60376
0.14522, -0.71451, 1.53177
0.13081, -0.77700, 1.42875
0.07780, 0.82611, 1.81939
0.14720, 0.65297, 1.80287
0.28312, 0.52742, 1.74713
-0.02258, 0.54968, 1.79593
-0.07764, 0.27352, 1.74499
-0.08864, 0.03679, 1.60967
-0.09138, -0.02203, 1.55494
0.36477, 0.25762, 1.68039
0.34408, 0.02276, 1.56032
0.34376, -0.04756, 1.52371
0.13446, 0.26961, 1.73762
0.12334, 0.21370, 1.66827
0.18576, 0.14283, 1.64419
0.05383, 0.15246, 1.64401
0.00444, -0.32406, 1.61718
0.05145, -0.65919, 1.82649
0.03992, -0.67800, 1.72074
0.16858, -0.30477, 1.59250
0.14606, -0.71456, 1.53317
0.13217, -0.77598, 1.43219
